-0.4, -2.0, -3.5, -0.2, -0.2, -1.5, -5.0, -5.0, 0.5, 2.0 | 72.08681292066252
0.0, -2.5, -3.0, -2.5, -2.5, -1.0, -1.0, -1.0, 0.0, 4.0 | 71.54404274238469
2.1, 1.2, 5.7, -0.8, -0.7, -1.7, -0.2, -2.9, 2.2, 1.0 | 75.27050289095406
-2.0, -5.0, -5.0, 0.0, 0.0, -1.0, -4.0, -4.0, 1.5, 0.5 | 84.23251892025496
-0.9, -2.2, -2.5, -2.2, -2.2, -0.6, -0.6, -0.6, -0.15, 5.0 | 70.93711153592173
4.2, 0.0, 2.5, -5.9, 3.5, 3.0, 6.0, -1.0, 2.6, 5.5 | 55.75758268846448
3.5, -2.1, 4.7, -5.3, 2.0, -3.2, 5.1, -4.8, 1.2, -0.6 | 63.49132522694394
2.4, 1.1, 5.9, -0.9, -0.8, -1.8, -0.3, -3.0, 2.2, 1.2 | 65.11886309138832
3.5, 0.0, 2.5, -5.3, 2.5, 3.0, 6.0, -1.4, 2.5, 6.0 | 61.34659089567019
2.0, 1.1, 6.0, -0.8, -0.7, -1.5, -0.1, -2.5, 2.0, 1.0 | 70.15944106433881
-0.4, 6.3, -6.3, -3.2, -3.2, -4.5, 6.2, -6.2, 0.6, 5.9 | 97.58491412408668
-0.5, 6.0, -0.9, -1.5, 3.5, 2.0, -0.6, -2.0, -0.1, -0.4 | 98.35700445993515
-0.5, -2.0, -6.0, -0.5, -0.5, -1.0, -5.0, -5.0, 2.0, 2.0 | 96.07782813260539
-0.5, 5.5, -5.0, -3.0, -3.0, -4.0, 5.5, -5.5, 0.5, 6.0 | 91.03729427177197
3.0, 0.5, 6.0, -1.0, -0.8, -3.0, -0.3, -4.0, 2.5, 1.0 | 69.22983509577173
-3.5, -2.0, -3.5, 5.5, -3.0, -2.0, -6.0, 2.0, -2.5, -1.0 | 22.39817956732744
2.0, 1.2, 6.0, -0.8, -0.7, -1.8, -0.2, -5.0, 4.0, 1.0 | 68.88160658318421
3.0, 0.0, 2.4, -5.3, 2.3, 2.3, 6.0, -6.0, 2.1, 5.0 | 70.65724707024637
-0.5, -3.5, -3.5, 0.0, 0.0, -2.0, -2.0, -2.0, 0.0, 0.4 | 94.40430857255782
-0.5, 6.0, -6.0, -3.0, -3.0, -3.5, 6.0, -6.0, 0.0, 5.8 | 77.31580250683342
-0.1, 5.9, -5.9, -2.3, -2.3, -3.8, 5.9, -5.9, 0.0, 5.9 | 73.11038051779292
-0.6, 3.5, -0.9, -1.2, 2.0, 0.8, 6.7, -2.0, -0.2, -0.4 | 86.47001569788539
-2.0, 6.0, -6.0, -4.0, -4.0, -5.0, 6.0, -6.0, 0.0, 5.0 | 69.2226507053692
-0.6, 4.0, -1.2, -1.5, 2.5, 0.9, 6.0, -2.5, -0.3, -0.5 | 83.27696039845927
-0.8, 6.2, -6.2, -3.2, -3.0, -3.4, 6.0, -6.0, 0.6, 6.1 | 81.43912161850307
-0.5, -3.0, -3.2, -3.0, -3.2, -1.0, -1.0, -1.0, 0.0, 5.5 | 86.12818691358885
-1.0, -3.0, -6.0, -1.0, -1.0, -2.0, -5.0, -5.0, 0.0, 0.0 | 72.02118410168792
2.5, 1.2, 5.9, -0.9, -0.8, -1.9, -0.2, -2.9, 2.5, 1.0 | 68.79424386305166
-0.7, 6.0, -1.0, -1.6, 2.8, 1.2, 7.0, -2.5, -0.5, -0.5 | 77.09265662136804
-0.6, 5.9, -5.9, -3.1, -3.1, -4.0, 5.9, -5.9, 0.2, 6.0 | 86.43103313775637
2.5, 1.5, 6.0, -0.9, -0.8, -2.0, -0.3, -4.0, 2.5, 1.0 | 76.73228907846332
0.5, -5.0, -5.0, 0.0, 0.0, -0.5, -5.0, -5.0, 0.0, 0.0 | 90.06200460744887
5.5, -5.0, 5.0, -5.5, 5.0, -3.0, 6.0, -1.0, 5.0, 5.0 | 50.764825127714545
3.0, 0.0, 2.5, -5.6, 2.5, 2.5, 6.0, -1.5, 2.5, 5.0 | 64.47203357810895
4.0, 0.0, 2.4, -5.3, 2.3, 2.3, 6.0, -1.4, 2.1, 4.0 | 67.4063062301365
3.0, 0.0, 2.3, -5.2, 2.2, 2.2, 6.0, -1.5, 2.0, 4.5 | 66.44981125889714
-0.4, -4.5, -4.5, -0.3, -0.3, -1.0, -3.0, -3.0, 0.6, 0.6 | 97.08906493859799
-2.0, -5.0, -5.0, 0.0, 0.0, -2.0, -5.0, -5.0, 0.0, 0.0 | 91.42216415380985
-2.0, -5.0, -5.0, 0.0, 0.0, -1.0, -3.5, -3.6, 0.0, 0.0 | 103.54474761795306
0.0, -5.0, -5.0, -5.5, 5.0, 5.0, 6.0, -2.5, 5.0, 0.0 | 83.33449719552524
0.0, -2.0, -2.6, -2.0, -2.0, -0.5, -0.5, -0.5, 0.0, 4.3 | 98.54124650112384
-0.5, -5.0, -5.0, 0.0, 0.0, -6.0, -3.0, -3.0, 0.0, 0.0 | 76.77469976925522
-0.9, -2.3, -2.8, -2.3, -2.8, -0.8, -0.8, -0.8, -0.2, 6.0 | 64.74640968365036
-6.0, 6.0, -6.0, -3.0, -3.0, -6.0, 6.0, -6.0, 6.0, -6.0 | 58.91393823743463
3.3, 0.1, 2.5, -5.4, 2.4, 2.4, 6.0, -1.5, 2.2, 4.5 | 67.2843985085498
-0.5, 5.0, -0.9, -1.5, 2.0, -5.0, -0.5, -2.0, -0.3, -0.4 | 79.91022462412397
-2.0, -5.0, 5.0, -2.0, 2.0, -1.0, -1.0, -1.0, 0.0, 0.0 | 55.35869521898262
3.0, 0.0, 2.5, -5.3, 2.3, 3.0, 6.0, -1.4, 2.1, 4.5 | 63.65860983473196
3.0, 0.0, 3.0, -5.4, 3.2, 2.5, 6.0, -1.5, 2.3, 4.5 | 61.24431352332876
-0.6, 4.8, -0.9, -1.4, 2.3, 1.4, 7.2, -2.5, -0.2, -0.3 | 78.55017287213818
1.0, 2.0, 6.0, -0.5, -0.5, -1.0, -0.5, -1.0, 0.5, 0.5 | 75.57787399957641
-0.8, -5.8, -5.8, -0.3, -0.3, -1.5, -5.0, -5.0, 0.9, 0.9 | 86.159857361848
-0.3, 5.6, -5.6, -2.9, -2.9, -3.5, 5.6, -5.6, 0.2, 5.8 | 89.29152024480568
-0.7, 3.5, -0.9, -1.4, 2.0, 1.0, 7.0, -2.5, -0.2, -0.4 | 86.88795104985408
-0.5, 6.2, -6.2, -3.2, -3.2, 4.0, 6.2, -6.2, 0.0, 5.8 | 88.33078045485377
-2.5, 5.5, -2.5, -2.5, 3.0, 2.0, 6.0, -5.0, -0.3, -0.5 | 95.18926640464201
2.0, 1.1, 6.0, -0.8, -0.7, -2.0, -0.2, -3.0, 3.0, 1.5 | 81.84594678240705
-1.0, -2.0, -2.5, -2.0, -2.5, -0.5, -0.5, -0.5, 0.0, 4.2 | 97.01597960008431
0.0, -2.2, -2.7, -2.2, -2.2, -0.6, -0.6, -0.6, 0.0, 6.0 | 35.643507233119195
2.5, 1.2, 6.0, -1.0, -1.0, -2.0, -0.3, -4.5, 4.0, 1.2 | 68.38344499001613
-2.0, -5.0, -5.0, -0.1, 0.0, -1.0, -3.5, -3.5, 0.0, 0.0 | 98.00991348897325
2.5, -3.7, 1.2, -4.8, 3.0, -2.1, 2.8, -5.5, 4.2, -1.9 | 64.13757360082545
-0.5, 6.5, -6.5, -3.2, -3.2, -2.5, 6.5, -6.5, 0.5, 6.5 | 80.83911979986435
-0.5, 6.0, -6.0, -3.0, -3.0, 4.1, 6.0, -6.0, 0.0, 5.6 | 81.90857681555951
4.0, 0.0, 2.5, -5.3, 2.5, 3.0, 6.0, -1.5, 2.5, 5.0 | 61.39979967372706
-0.5, 6.0, -6.0, -3.0, -3.0, -3.0, 6.0, -6.0, 0.0, 5.6 | 85.12806920851739
-0.5, 5.5, -5.5, -2.8, -2.8, 4.5, 5.5, -5.5, 0.0, 6.0 | 101.3956751862134
-5.0, -5.0, -5.0, 0.0, 0.0, -2.0, -4.0, -4.0, 1.0, 0.5 | 102.4095192206034
-0.6, 5.5, -5.5, -2.9, -2.9, -3.4, 5.5, -5.5, 0.4, 5.7 | 80.85748865346424
-0.5, 5.0, -0.9, -1.5, 2.5, 1.2, 0.5, -2.0, -0.2, -0.4 | 93.49917178830609
-2.0, -5.0, -5.0, 0.0, 0.0, -1.0, -5.0, -5.0, 0.0, 0.1 | 89.41057201636846
0.0, 5.8, 6.0, -1.0, -1.2, -2.0, -0.5, -3.0, 2.5, 1.0 | 67.41246334914578
-0.7, -2.5, -6.0, -0.3, -0.3, -1.3, -5.0, -5.0, 0.9, 0.9 | 94.20855820793538
-0.5, 5.5, -5.5, -2.8, -2.8, -3.5, 5.5, -5.5, 0.0, 5.7 | 91.54229538258987
-1.0, -3.0, -6.0, -0.5, -0.5, -2.0, -6.0, -6.0, 2.0, 2.0 | 86.28973701521561
-0.6, 5.5, -0.9, -1.3, 2.4, 0.9, 6.0, -2.3, -0.2, -0.5 | 79.06057971732965
-0.8, -3.4, -3.4, -3.4, -3.4, -1.2, -1.2, -1.2, 0.5, 4.3 | 49.99383083769734
3.0, -0.5, 2.5, -5.3, 2.5, 2.5, 6.0, -1.4, 2.5, 4.5 | 62.600519404343935
0.0, -4.0, -4.0, 0.0, 0.0, 0.0, -2.0, -2.0, 0.0, 0.5 | 93.1798292000351
2.0, 1.2, 6.0, -0.9, -0.8, -1.4, -0.1, -2.4, 0.3, 0.4 | 57.05352123920862
0.0, -2.1, -2.6, -2.1, -2.6, -0.5, -0.5, -0.5, 0.0, 4.1 | 70.16187807798777
-0.5, 5.5, -5.5, -2.8, -2.8, -3.5, 5.5, -5.5, 0.2, 5.6 | 101.2420333942393
-2.0, -5.0, -5.0, 0.0, 0.0, -1.1, -3.5, -3.5, 0.0, 0.0 | 101.37380648584892
-2.5, -5.0, -5.0, 0.2, -0.2, -1.2, -3.8, -3.8, 0.0, 0.0 | 93.0884244605081
-0.9, -2.2, -2.6, -2.2, -2.2, -0.7, -0.7, -0.7, -0.4, 5.5 | 50.139543908405
6.0, 6.0, -6.0, -3.0, -3.0, 3.5, 6.0, -6.0, 0.0, 5.6 | 84.96371485832512
-0.9, -2.35, -2.85, -0.9, -2.35, -0.6, -0.6, -0.6, -0.2, 5.2 | 32.39408891068408
2.0, 1.0, 5.5, -0.9, -0.8, -1.5, -0.2, -2.5, 2.5, 2.0 | 83.19120997989482
-1.0, 4.5, -0.9, -1.5, 2.0, 1.2, 7.0, -2.4, -0.3, -0.4 | 80.37821238364768
-0.3, 5.6, -5.6, -2.6, -2.6, -3.4, 5.6, -5.6, 0.2, 5.8 | 76.29557477096617
2.5, 1.5, 6.0, -1.0, -0.8, -2.0, -0.2, -3.0, 5.0, 2.5 | 64.62883133024334
-0.5, 6.0, -6.0, -3.0, -3.0, -5.0, 6.0, -6.0, 0.2, 6.0 | 83.28696932098043
5.0, 0.0, 2.5, -6.0, 5.0, 3.0, 6.0, -2.0, 3.0, 5.5 | 55.23839674266039
3.1, 0.0, 2.5, -5.4, 2.4, 2.4, 6.0, -1.5, 2.2, 4.1 | 66.04114505464077
3.0, 0.2, 2.5, -5.3, 2.3, 2.3, 6.0, -1.4, 2.3, 4.5 | 61.273571776806776
2.0, -5.0, -6.0, 0.0, 0.0, -1.0, -5.0, -5.0, 2.0, 0.5 | 77.378972089559
-1.0, -4.0, -4.0, -4.0, -4.0, -2.0, -2.0, -2.0, -1.0, 5.0 | 55.14477808745098
-0.5, 6.0, -6.0, -3.0, -3.0, 3.6, 6.0, -6.0, 0.0, 5.7 | 85.07471377401716
5.0, 3.0, 6.0, -1.0, -1.0, -3.0, -0.5, -5.0, 5.0, 3.0 | 67.00051679447247
2.0, 1.5, 6.0, -0.9, -0.8, -2.0, -0.5, -3.0, 2.0, 1.0 | 70.18322071355958
-2.0, -5.0, -5.0, 0.0, 0.0, -1.0, -4.0, -4.0, 0.0, 0.0 | 101.18440489839722
-0.5, -5.0, -5.0, 0.0, 0.0, -0.5, -2.5, -2.5, 0.0, 0.0 | 99.063247614709
-0.6, 5.8, -1.0, -1.4, 2.4, 1.2, 6.2, -2.6, -0.3, -0.4 | 85.15822848711721
-0.5, 6.7, -6.7, -3.2, -3.2, 4.5, 6.7, -6.7, 0.2, 6.2 | 92.10470889996094
5.0, -5.0, 5.0, -5.0, 5.0, -5.0, 5.0, -5.0, 5.0, -5.0 | 58.33224954811105
-0.5, 6.0, -6.0, -2.5, -2.5, 3.5, 6.0, -6.0, 0.5, 6.0 | 90.23729193954344
0.0, 6.0, -5.4, -3.0, -3.0, -4.2, 5.4, -5.4, 0.0, 6.0 | 76.7124075545718
-0.5, 5.5, -5.5, -3.0, -3.0, -4.0, 5.0, -5.0, 0.2, 5.5 | 88.30920716602623
-0.5, 5.5, -5.5, -2.8, -2.8, 3.6, 5.5, -5.5, 0.1, 5.6 | 85.63218100233833
-2.0, 6.0, -1.6, -2.0, 4.0, 0.5, 6.0, -3.0, -0.5, -0.5 | 69.30906802771597
4.5, 0.0, 2.5, -5.3, 2.5, 2.5, 6.0, -1.5, 2.5, 5.0 | 58.55577687451806
-0.9, 4.0, -2.0, -2.0, 2.0, 3.0, 6.0, -3.0, -0.5, 0.5 | 100.89504986505587
-0.5, 6.0, -6.0, -2.0, -2.0, 5.5, 6.0, -6.0, 0.5, 6.0 | 71.22067865555854
0.2, -2.1, -2.6, -2.1, -2.6, -0.6, -0.6, -0.6, 0.0, 4.3 | 85.83219887218694
0.0, -5.0, 5.0, 0.0, 0.0, 0.0, -2.5, 2.5, 0.0, 0.0 | 25.932536046595988
-0.9, -2.2, -2.6, -2.2, -2.2, -0.7, -0.7, -0.7, -0.2, 5.0 | 80.63916930932801
-1.0, -2.3, -3.0, -2.3, -2.3, -0.9, -0.9, -0.9, 0.2, 5.0 | 102.4790655620649
-0.6, 6.0, -6.0, -3.0, -3.0, -4.0, 6.0, -6.0, 0.5, 5.9 | 86.0009711036322
-6.0, 6.0, -6.0, 0.0, 0.0, -6.0, -6.0, -6.0, 0.0, 0.5 | 89.14795834531598
-0.7, 3.4, -0.8, -1.3, 1.9, 0.9, 6.8, -2.0, -0.3, -0.5 | 83.20457686414792
-0.7, -2.5, -5.0, -0.3, -0.3, -1.5, -5.0, -5.0, 0.9, 1.0 | 91.49100085587222
0.2, 5.2, -5.2, -2.6, -2.6, -3.6, 5.2, -5.2, 0.0, 5.2 | 84.09037944484558
5.0, 0.0, 3.0, -6.0, 3.0, 3.0, 6.0, -2.0, 3.0, 5.0 | 65.87334044445865
-0.5, -2.5, -3.5, -0.2, -0.2, -0.8, -3.0, -3.0, 0.8, 0.8 | 98.99051085999672
-5.0, -5.0, -5.0, -5.0, -5.0, -5.0, -5.0, -5.0, 5.0, 0.5 | 47.015635188457324
-0.4, 6.0, -6.0, -3.0, -3.0, 4.5, 6.0, -6.0, 0.5, 6.0 | 90.72404353529984
0.0, -2.4, -2.8, -2.4, -2.8, -0.6, -0.6, -0.6, 0.0, 4.5 | 73.24423627496368
-2.0, -5.0, -5.0, 0.1, 0.1, -1.2, -4.0, -4.0, 0.0, 0.1 | 91.62575591359867
-0.5, -4.0, -4.0, -2.0, 2.0, -3.0, -3.0, -1.0, 0.0, 0.0 | 26.8641321634693
3.5, 0.0, 2.6, -5.4, 2.5, 3.0, 6.0, -1.2, 2.2, 4.2 | 63.63855827734045
-0.5, 5.4, -0.9, -1.5, 2.0, 1.5, -0.5, -2.0, -0.3, -0.4 | 138.9374501433725
-0.5, 5.4, -0.9, -1.5, 2.3, 1.3, 0.2, -2.0, -0.3, -0.5 | 128.9358989489445
-0.4, 5.5, -0.9, -1.5, 2.0, 1.4, -0.4, -2.0, -0.3, -0.3 | 158.98457551172618
0.0, 6.0, -6.0, 0.0, 0.0, -1.0, -6.0, -6.0, 0.5, 0.5 | 113.34283805852655
-0.5, 5.3, -0.9, -1.5, 2.6, 2.0, 0.1, -2.0, -0.2, -0.4 | 117.70511393637143
-0.5, 5.0, -0.9, -1.5, 2.0, 2.0, -0.5, -2.0, -0.3, 0.0 | 141.1433881978817
-2.2, -5.0, -5.0, 0.0, 0.0, -1.0, -3.6, -3.6, 0.0, 0.2 | 106.74996694610495
-0.5, 4.7, -0.9, -1.5, 2.0, 0.9, 0.0, -2.0, -0.3, -0.5 | 136.16876544463804
-0.4, 4.6, -0.9, -1.5, 2.0, 1.3, -0.5, -2.0, -0.3, -0.4 | 172.8553697464247
-1.0, -4.0, -4.0, 0.0, 0.0, -0.5, -2.0, -2.0, 0.7, 0.0 | 118.02143340727271
-0.5, -2.9, -2.9, -0.2, -0.2, -1.3, -1.6, -1.6, 0.0, 0.4 | 112.69115201516153
0.8, 2.5, -6.0, 0.5, 0.5, -0.4, -2.5, -2.5, 0.5, 0.5 | 114.44093805876624
-0.5, 5.0, -0.9, -1.5, 2.0, 1.5, -0.5, -2.0, -0.3, -0.3 | 187.72428514419673
-2.0, 5.0, -1.0, -2.0, 2.5, 2.0, -1.0, -2.5, -0.5, -0.5 | 144.5163948515988
-0.9, -2.3, -3.0, -2.3, -2.3, -0.8, -0.8, -0.8, 0.0, 4.4 | 111.82027343113116
-0.6, 5.2, -0.9, -1.5, 2.1, 1.6, 0.0, -2.0, -0.2, -0.5 | 134.69057015416837
0.5, 5.0, -0.9, -1.5, 2.0, 1.5, -0.5, -2.0, -0.3, -0.5 | 150.15526293468605
-0.95, -2.15, -2.55, -2.15, -2.15, -0.7, -0.7, -0.7, 0.0, 4.5 | 110.10761718865373
-0.5, 5.4, -0.9, -1.5, 2.2, 1.6, -0.5, -2.0, -0.3, -0.4 | 169.3537989610944
0.0, 5.5, -0.9, -1.5, 2.0, 1.5, -0.5, -1.9, -0.1, 0.0 | 163.63419284531273
-1.0, -4.0, -4.0, 0.0, 0.0, -0.5, -2.1, -2.1, 0.8, 0.1 | 115.35796562543085
-0.5, 5.2, -0.9, -1.4, 2.5, 0.8, 0.0, -2.0, -0.2, -0.5 | 114.08242535227797
-0.4, 5.4, -0.9, -1.5, 2.0, 1.5, -0.4, -2.0, -0.2, -0.4 | 155.00849361975236
-0.9, -2.8, -3.2, -2.5, -2.0, -1.1, -1.1, -1.1, 0.1, 4.5 | 109.50181552225786
-0.5, 5.0, -0.9, -1.5, 3.0, 2.0, -0.5, -2.0, -0.3, -0.5 | 113.72297249925353
0.5, 2.7, -6.0, 0.0, 0.0, -0.5, -2.8, -2.8, 1.0, 1.0 | 179.4477021132836
-0.5, 5.0, -0.9, -1.5, 2.5, 1.5, -1.0, -2.0, -0.3, -0.5 | 164.83605921509232
-0.9, -4.0, -4.0, 0.0, 0.0, -0.5, -2.0, -2.0, 0.7, 0.0 | 128.10950717360774
-0.6, 5.6, -1.0, -1.5, 2.6, 2.0, -0.3, -2.5, -0.2, -0.4 | 157.1868601832923
-2.0, -5.0, -5.0, 0.0, 0.0, -1.0, -3.5, -3.5, 0.0, 0.0 | 122.17411383289547
-0.5, 6.3, -6.3, -3.0, -3.0, 3.5, 6.3, -6.3, 0.0, 5.6 | 105.4477853371327
-0.5, 4.0, -6.0, 0.0, 0.0, -0.5, -5.5, -5.5, 0.5, 0.0 | 136.66070049682122
-0.2, 5.8, -6.0, 0.6, -0.4, -2.0, -5.0, -5.0, 0.9, 0.5 | 161.26601188796772
-0.3, 5.0, -0.9, -1.5, 2.2, 1.3, 0.0, -2.0, -0.3, -0.5 | 141.9668437893052
0.0, -1.8, -2.3, -1.8, -2.3, -0.4, -0.4, -0.4, 0.0, 4.2 | 106.34026861009036
-1.0, -4.0, -4.0, 0.1, -0.1, -0.5, -2.0, -2.0, 0.8, 0.0 | 124.79242435680888
-0.6, 5.0, -1.0, -1.5, 2.5, 1.5, -0.5, -2.0, -0.3, -0.5 | 138.87438689259773
-0.5, -2.0, -5.5, -0.3, -0.3, -0.9, -2.6, -2.6, 0.8, 0.8 | 177.01119001810065
-3.0, -5.0, -5.0, 0.0, 0.0, -1.0, -3.5, -3.5, 0.0, 0.0 | 114.93117944064599
-0.6, 5.0, -0.9, -1.5, 2.0, 1.5, -0.5, -2.0, -0.3, -0.4 | 175.77153236563402
-0.6, -2.2, -5.8, -0.3, -0.3, -1.0, -3.2, -3.2, 0.9, 0.9 | 140.67652917277272
-0.9, -2.2, -2.6, -2.2, -2.2, -0.5, -0.5, -0.5, -0.1, 4.5 | 124.6658326652732
-1.0, -4.1, -4.1, 0.0, 0.0, -0.4, -2.2, -2.2, 0.9, 0.2 | 106.02454746058008
-2.1, -5.0, -5.0, 0.0, 0.0, -1.0, -3.5, -3.5, 0.0, 0.0 | 105.10193858498751
-0.5, 5.9, -0.9, -1.6, 2.3, 2.5, -0.5, -2.1, -0.3, -0.3 | 133.6109563836778
-0.5, 4.5, -0.9, -1.5, 2.0, 1.3, -0.5, -2.0, -0.3, -0.5 | 159.79893384832087
-2.0, 5.5, -0.9, -1.5, 2.5, 3.0, -0.5, -2.5, -0.3, -0.5 | 142.9539766052711
0.0, -2.0, -2.5, -2.1, -2.1, -0.5, -0.5, -0.5, 0.0, 4.4 | 108.26623113145016
-0.9, -2.2, -2.6, -2.2, -2.2, -0.7, -0.7, -0.7, 0.2, 4.4 | 124.1604859222128
0.5, 2.8, -6.0, 0.2, 0.2, -0.5, -2.8, -2.8, 0.5, 0.8 | 135.4634869324775
-0.5, 5.0, -5.0, 0.5, 0.5, -0.5, -3.0, -3.0, 1.0, 0.5 | 107.89291135460091
-0.6, 3.6, -3.6, 0.0, 0.0, -0.6, -2.8, -2.8, 0.2, 0.8 | 150.52299625754512
-1.0, -2.1, -2.5, -2.1, -2.1, -0.6, -0.6, -0.6, 0.0, 4.4 | 112.96955854536327
-0.5, 5.0, -0.9, -1.5, 2.0, 1.5, -0.5, -2.0, -0.3, -0.1 | 149.03961776333836
-0.5, 4.5, -0.9, -1.5, 2.0, 1.3, 0.0, -2.0, -0.3, -0.5 | 155.06648260518347
-0.5, -2.0, -6.0, -0.5, -0.5, -2.0, -3.0, -3.0, 1.0, 1.0 | 115.12461357326386
-0.5, 4.9, -0.9, -1.5, 2.2, 1.5, -0.5, -2.0, -0.3, -0.5 | 135.97429761035912
-0.5, 5.4, -0.9, -1.5, 2.0, 1.4, -0.5, -2.0, -0.3, -0.3 | 171.72708379258347
0.9, 2.6, -6.0, 0.2, 0.2, -0.3, -2.3, -2.3, 0.6, 0.6 | 182.31283385912093
-0.45, 5.45, -0.85, -1.45, 2.05, 1.35, -0.45, -1.95, -0.35, -0.35 | 161.43984422034347
-0.5, 5.0, -0.9, -1.5, 2.0, 1.0, 0.0, -2.0, -0.3, -0.5 | 134.70383316872878
-2.0, -5.0, -5.0, 0.0, 0.0, -1.0, -3.6, -3.6, 0.0, 0.0 | 114.95147022263559
-0.5, 5.9, -1.0, -1.5, 2.8, 2.5, -0.5, -2.0, -0.3, -0.4 | 129.2472390673671
-0.5, 5.5, -0.9, -1.5, 2.0, 1.4, -0.5, -1.9, -0.3, -0.4 | 168.17729790662844
0.0, 0.0, 0.0, -2.0, 2.0, -0.5, -1.0, -1.0, 0.0, 0.0 | 154.44606385602208
-0.9, -2.4, -2.4, -2.4, -2.4, -0.9, -0.9, -0.9, -0.4, 5.0 | 111.34511760577259
-1.0, -4.0, -4.0, 0.0, 0.0, -0.5, -2.0, -2.0, 0.8, 0.2 | 116.88123135770627
-1.0, -4.0, -4.0, 0.0, 0.0, -0.5, -2.0, -2.0, 6.0, 0.0 | 116.19450885991857
-0.9, -2.2, -2.6, -2.2, -2.2, -0.7, -0.7, -0.7, -0.2, 4.5 | 114.30770435470913
-2.0, -5.0, -5.0, 0.0, 0.0, -0.8, -2.8, -2.8, 0.0, 0.0 | 112.78238128853582
-0.5, 5.5, -5.5, -2.8, -2.8, 3.6, 5.5, -5.5, 0.0, 5.7 | 104.51951998240068
-0.5, 4.8, -6.0, 0.0, 0.0, -0.5, -3.0, -3.0, 1.0, 0.5 | 179.3545123842078
-0.5, 4.4, -6.0, -0.5, -0.5, -0.6, -3.3, -3.3, 0.7, 0.0 | 141.48963061867258
-1.0, -4.0, -4.0, 0.0, 0.0, -0.5, -2.0, -2.0, 0.7, 0.0 | 132.85538796196576
-0.7, -2.6, -4.6, -0.3, -0.3, -1.3, -3.2, -3.2, 0.9, 0.9 | 108.34642516239333
-0.7, -2.1, -6.0, -0.4, -0.4, -1.0, -3.1, -3.1, 1.0, 1.0 | 146.54908277772748
-0.5, 5.0, -0.9, -1.5, 2.0, 1.5, -0.5, -2.0, 0.5, 0.0 | 158.39689704748307
-0.5, 5.3, -0.9, -1.5, 2.0, 1.8, -0.5, -2.0, -0.3, -0.3 | 165.08585656828515
-1.1, -2.3, -2.7, -2.3, -2.7, -0.8, -0.8, -0.8, -0.3, 5.0 | 121.62318190412604
-0.5, 5.0, -0.9, -1.5, 2.0, 2.0, -0.5, -2.0, -0.3, -0.5 | 160.28039793420638
-2.0, -5.0, -5.0, 0.0, 0.0, -0.9, -3.7, -3.7, 0.0, 0.0 | 108.20632926128933
-1.0, -4.0, -4.0, 0.0, 0.0, -0.5, -2.0, -2.0, 0.7, 0.0 | 114.20909442719285
-0.5, -4.3, -4.3, 0.0, 0.0, -0.3, -1.9, -1.9, 0.0, 0.0 | 106.5924953363162
-0.4, 5.2, -0.9, -1.5, 2.4, 2.0, -0.4, -2.0, -0.3, 0.0 | 137.79060714280882
-0.5, 6.0, -1.0, -2.0, 3.0, 2.5, 0.0, -2.0, 0.0, 0.0 | 111.02704624003229
-6.0, 6.0, -6.0, 0.0, 0.0, -6.0, -6.0, -6.0, 6.0, 0.0 | 104.56784765106843
-0.5, 5.0, -0.9, -1.5, 2.0, 1.2, -0.5, -2.0, -0.3, -0.5 | 158.97075803492982
-0.5, 5.0, -0.9, -1.5, 2.0, 1.4, -0.5, -2.0, -0.1, -0.5 | 163.88219406275783
-0.5, 6.0, -6.0, -3.1, -3.1, 3.6, 6.0, -6.0, 0.2, 5.7 | 106.84655764116833
-0.8, -3.0, -5.0, -0.5, -0.5, -1.5, -4.0, -4.0, 1.0, 1.0 | 115.98335009406318
-0.9, -2.2, -2.6, -2.2, -2.2, -0.7, -0.7, -0.7, 0.0, 4.4 | 136.2956148169096
-0.5, 5.4, -0.9, -1.5, 2.3, 1.6, -0.5, -2.0, -0.3, -0.5 | 160.6595196072572
-0.5, 5.4, -0.9, -1.5, 2.0, 1.4, -0.6, -2.1, -0.3, -0.4 | 171.77645326266983
-0.8, -2.2, -2.6, -2.2, -2.2, -0.7, -0.7, -0.7, 0.0, 4.4 | 130.5530626039596
-0.5, 4.5, -0.9, -1.5, 2.0, 1.1, -0.5, -2.0, -0.3, -0.5 | 173.25400792895653
0.0, -2.9, -2.9, 0.0, 0.0, -1.3, -1.6, -1.6, 0.0, 0.3 | 109.3105390151843
-0.5, 5.5, -0.9, -1.5, 2.0, 1.5, -0.5, -2.0, -0.3, -0.4 | 155.17050340463237
-1.0, -4.0, -4.0, 0.2, 0.2, -0.5, -2.0, -2.0, 0.7, 0.0 | 114.87892317799633
-0.4, 5.0, -0.9, -1.5, 2.3, 1.6, -0.4, -1.9, -0.3, -0.3 | 147.81212288307552
1.0, 4.5, -6.0, 0.0, 0.0, 0.0, -2.0, -2.0, 0.5, 0.5 | 177.92833414232263
-1.0, 6.0, -0.9, -1.5, 2.0, 2.0, -1.0, -3.0, -1.0, -0.5 | 140.42454152948397
0.1, -2.0, -2.5, -2.0, -2.0, -0.5, -0.5, -0.5, 0.1, 4.1 | 113.3541830263541
0.0, -2.1, -2.6, -2.1, -2.1, -0.6, -0.6, -0.6, 0.0, 4.2 | 125.97332363150045
-0.7, -2.5, -4.5, -0.3, -0.3, -1.3, -2.9, -2.9, 0.9, 0.9 | 131.06973882496598
-1.0, -4.0, -4.0, 0.0, 0.0, -0.5, -2.2, -2.2, 0.8, 0.1 | 127.4706872107885
-5.0, -5.5, -5.5, 0.0, 0.0, -2.5, -5.5, -5.5, 0.0, 0.0 | 106.0597321206244
-0.5, -2.2, -3.6, -0.2, -0.2, -0.7, -2.4, -2.4, 0.8, 0.8 | 134.421190778727
0.5, -2.0, -6.0, -0.4, -0.4, -0.9, -2.8, -2.8, 0.9, 0.9 | 128.60288557579713
-0.5, 5.4, -0.9, -1.5, 2.1, 1.4, -0.5, -2.0, -0.3, -0.4 | 184.56475158331045
-1.0, -4.0, -4.0, 0.0, 0.0, -0.5, -2.2, -2.2, 0.5, 0.0 | 117.63311514740653
-0.5, 3.5, -3.5, -0.2, 0.2, -0.5, -2.7, -2.7, 0.0, 0.6 | 185.70354435266813
-0.6, -2.4, -5.0, -0.3, -0.3, -1.3, -3.0, -3.0, 1.3, 1.3 | 115.76318278641058
-0.5, 4.5, -0.9, -1.5, 2.0, 1.2, -0.4, -2.0, -0.3, -0.4 | 162.80386881185055
-2.0, -4.0, -4.0, 0.0, 0.0, -0.5, -2.0, -2.0, 0.8, 0.2 | 118.78626814132448
0.5, 2.5, -6.0, 0.5, 0.5, -0.5, -2.5, -2.5, 0.5, 0.5 | 112.75866545775837
-1.0, -4.0, -4.0, 0.0, 0.0, -0.5, -2.0, -2.0, 2.0, 0.0 | 118.18194036235153
-0.4, -2.0, -3.5, -0.2, -0.2, -0.6, -2.0, -2.0, 0.8, 0.8 | 130.86306200911602
-1.0, -4.0, -4.0, 0.0, 0.0, -0.5, -2.0, -2.0, 0.9, 0.4 | 115.36976448410323
-2.0, -5.0, -5.0, 0.0, 0.0, -1.1, -3.1, -3.1, 0.0, 0.1 | 105.52378691974768
-0.5, 5.4, -0.9, -1.5, 2.0, 1.3, -0.5, -2.0, -0.3, -0.4 | 162.86959592486969
-1.1, -4.0, -4.0, 0.0, 0.0, -0.5, -2.0, -2.0, 0.7, 0.0 | 119.58345136448392
-0.5, 4.5, -0.9, -1.5, 2.0, 1.5, -0.5, -2.0, -0.3, -0.5 | 167.73606393063017
-0.9, -2.2, -2.6, -2.2, -2.2, -0.7, -0.7, -0.7, -0.2, 4.5 | 142.88343868412116
-0.5, -2.0, -3.5, -0.2, -0.2, -0.9, -2.2, -2.2, 0.8, 0.8 | 122.24358997150622
-0.5, 5.8, -0.9, -1.5, 2.6, 2.0, -0.5, -2.0, -0.3, -0.5 | 142.08092445210386
-1.0, -4.0, -4.0, 0.0, 0.0, -0.5, -1.9, -1.9, 0.7, 0.0 | 121.75076090546182
-0.5, 0.0, 0.0, 0.0, 0.0, -0.5, -3.0, -3.0, 0.0, 0.0 | 110.83880746891012
-0.5, 0.0, 0.0, 0.0, 0.0, -0.5, -1.7, -1.7, 0.0, 0.0 | 146.17845911140867
-0.5, -4.7, -4.7, 0.0, 0.0, -0.5, -2.7, -2.7, 0.0, 0.0 | 107.18862009730076
-0.9, -2.2, -2.6, -2.2, -2.2, -0.7, -0.7, -0.7, -0.3, 4.6 | 123.91354273050035
-0.4, 4.7, -6.0, 0.0, 0.0, -0.5, -3.2, -3.2, 0.8, 0.2 | 209.26214327684542
-0.4, 3.8, -3.8, 0.0, 0.0, -0.4, -2.7, -2.7, 0.2, 0.6 | 204.77153637808675
-0.45, 3.4, -3.4, 0.0, 0.0, -0.45, -2.6, -2.6, 0.0, 0.5 | 263.9249455138101
0.9, 2.4, -6.0, 0.0, 0.0, -0.3, -2.3, -2.3, 0.6, 0.6 | 231.31262622654572
0.9, 2.5, -6.0, 0.0, 0.0, -0.3, -2.3, -2.3, 0.6, 0.6 | 225.56968022431587
-0.45, 3.4, -3.4, 0.0, 0.0, -0.45, -2.6, -2.6, 0.0, 0.5 | 256.2321123771868
-0.5, 3.9, -3.9, 0.0, 0.0, -0.5, -2.4, -2.4, 0.1, 0.6 | 231.9743560616143
0.8, 2.5, -6.0, 0.0, 0.0, -0.4, -2.4, -2.4, 2.0, 1.0 | 194.9961622048629
-0.44, 3.5, -3.5, 0.0, 0.0, -0.44, -2.6, -2.6, 0.0, 0.5 | 232.69569783938385
0.0, 6.0, -6.0, 0.0, 0.0, -0.3, -2.0, -2.0, 1.5, 0.5 | 192.71595747887835
-0.45, 3.3, -3.3, 0.0, 0.0, -0.45, -2.6, -2.6, 0.0, 0.5 | 219.22564330297178
0.0, 5.0, -6.0, 0.0, 0.0, -0.1, -2.0, -2.0, 0.0, 0.5 | 214.19340389536964
-0.2, 5.5, -6.0, 0.5, -0.5, -0.4, -2.5, -2.5, 0.8, 0.2 | 252.54919385120365
0.0, 5.2, -6.0, 0.2, -0.2, -1.0, -2.4, -2.4, 0.8, 0.2 | 250.62818068350944
-0.46, 3.45, -3.45, 0.0, 0.0, -0.46, -2.55, -2.55, 0.05, 0.55 | 202.86125495657805
-0.4, 4.2, -6.0, 0.0, 0.0, -0.4, -2.9, -2.9, 0.6, 0.2 | 222.48994208627124
-0.5, 4.3, -6.0, 0.0, 0.0, -0.5, -3.0, -3.0, 0.7, 0.1 | 245.38440866845377
-0.5, 4.4, -6.0, 0.0, 0.0, -0.5, -3.2, -3.2, 1.2, 0.0 | 246.13897926343688
-0.4, 4.2, -6.0, 0.0, 0.0, -0.5, -3.0, -3.0, 0.6, 0.5 | 236.5219434850349
-0.4, 4.5, -6.0, 0.0, 0.0, -0.5, -3.0, -3.0, 0.8, 0.0 | 250.73104872843004
0.0, 5.0, -6.0, 0.0, 0.0, -0.2, -2.0, -2.0, 1.3, 0.1 | 244.9888213810284
-0.45, 3.5, -3.5, 0.0, 0.0, -0.45, -2.5, -2.5, 0.0, 0.5 | 226.41628937056194
-0.5, 6.0, -6.0, 0.0, 0.0, -0.5, -2.5, -2.5, 0.8, 0.5 | 197.7360594118815
0.7, 2.8, -6.0, 0.0, 0.0, -0.5, -2.5, -2.5, 0.7, 0.7 | 227.3377104650096
-1.0, 5.0, -6.0, 0.0, 0.0, -0.5, -3.0, -3.0, 1.0, 0.0 | 234.71848792879655
-0.3, 5.6, -6.0, 0.2, -0.2, -0.1, -2.0, -2.0, 1.2, 0.3 | 209.22434182916408
-0.5, 4.5, -6.0, 0.5, -0.5, -0.5, -3.3, -3.3, 0.9, 0.2 | 217.6814893669031
-0.5, 4.0, -4.0, 0.5, -0.5, -0.5, -2.8, -2.8, 0.0, 0.5 | 230.2750981399955
0.5, 5.0, -6.0, 0.5, -0.5, -0.2, -2.0, -2.0, 1.0, 0.0 | 270.764356720178
0.6, 2.7, -6.0, 0.0, 0.0, -0.9, -3.1, -3.1, 0.5, 0.5 | 198.88512597138188
-0.5, 3.5, -3.5, 0.0, 0.0, -0.5, -2.4, -2.4, 0.0, 0.6 | 219.73509578206517
0.0, 5.9, -6.0, 0.0, 0.0, -0.1, -1.5, -1.5, 1.3, 0.2 | 192.28077500691043
-0.5, 3.8, -3.8, 0.0, 0.0, -0.5, -2.4, -2.4, 0.0, 0.6 | 195.78671017962654
-0.5, 4.8, -4.8, 0.1, -0.1, -0.5, -2.9, -2.9, 0.2, 0.7 | 192.9176122877772
-0.5, 5.2, -6.0, 0.0, 0.0, -0.5, -3.0, -3.0, 0.9, 0.0 | 220.10802667219173
-0.45, 3.4, -3.4, 0.0, 0.0, -0.45, -2.6, -2.6, 0.0, 0.5 | 209.93560908772278
-0.45, 4.2, -4.2, 0.0, 0.0, -0.45, -2.8, -2.8, 0.2, 0.7 | 196.6518722550824
-2.0, 5.0, -6.0, 0.0, 0.0, -0.5, -3.5, -3.5, 0.8, 0.2 | 218.83879715617314
-0.3, 4.2, -6.0, 0.0, 0.0, -0.5, -3.3, -3.3, 1.0, 0.2 | 213.88458793498063
-0.3, 4.5, -6.0, 0.0, 0.0, -0.5, -3.0, -3.0, 0.6, 0.0 | 265.2162495910281
-0.5, 4.4, -6.0, 0.0, 0.0, -0.4, -2.8, -2.8, 1.0, 0.2 | 255.37295348320305
-0.5, 5.5, -6.0, 0.0, 0.0, -0.2, -2.3, -2.3, 1.2, 0.0 | 219.0994957410523
-0.1, 5.0, -6.0, 0.3, -0.3, -1.0, -2.5, -2.5, 0.8, 0.3 | 270.28444067681204
-0.4, 5.0, -6.0, 0.5, -0.5, -0.5, -3.5, -3.5, 0.9, 0.3 | 199.7796329019638
-0.45, 3.4, -3.4, 0.0, 0.0, -0.45, -2.4, -2.4, 0.0, 0.5 | 238.61881046917233
0.5, 3.5, -6.2, 0.0, 0.0, -0.5, -3.0, -3.0, 0.5, 0.5 | 220.6638059200337
-0.4, 4.2, -6.0, 0.0, 0.0, -0.5, -3.0, -3.0, 0.6, 0.1 | 260.0211975609203
1.0, 4.0, -6.0, 0.0, 0.0, -0.2, -2.2, -2.2, 0.8, 0.8 | 194.47680287796967
-0.45, 3.5, -3.5, 0.0, 0.0, -0.45, -2.6, -2.6, 0.0, 0.5 | 201.91219546045915
0.5, 2.5, -6.0, 0.0, 0.0, -0.5, -2.5, -2.5, 0.5, 0.6 | 190.93045024405043
-0.3, 4.4, -6.0, 0.0, 0.0, -0.5, -3.2, -3.2, 0.8, 0.0 | 267.73530504664046
1.0, 5.0, -6.0, 0.0, 0.0, -0.3, -2.5, -2.5, 0.7, 0.6 | 234.02750860623684
0.9, 2.5, -6.0, 0.0, 0.0, -0.4, -2.4, -2.4, 0.6, 0.6 | 239.06153511516715
-0.5, 4.5, -4.5, 0.0, 0.0, -0.5, -2.5, -2.5, 0.0, 0.5 | 217.40661534036735
-0.4, 4.3, -6.0, 0.0, 0.0, -0.5, -3.2, -3.2, 0.8, 0.2 | 267.83658930273
-0.4, 4.2, -6.0, 0.0, 0.0, -0.5, -3.1, -3.1, 0.7, 0.2 | 212.5291162000668
0.7, 2.5, -6.0, 0.0, 0.0, -0.3, -2.3, -2.3, 0.8, 0.8 | 222.28562758980857
-0.4, 4.3, -6.0, 0.0, 0.0, -0.5, -3.1, -3.1, 0.7, 0.2 | 265.4469494492339
0.0, 6.0, -6.0, 0.0, 0.0, -0.1, -2.0, -2.0, 1.0, 0.1 | 267.70585465009356
-0.1, 5.2, -6.0, 0.4, -0.4, -1.2, -2.5, -2.5, 0.6, 0.3 | 240.39742757264762
-0.5, 4.0, -4.0, 0.0, 0.0, -0.5, -3.0, -3.0, 0.1, 0.5 | 207.18068460549435
-0.4, 4.2, -6.0, 0.0, 0.0, -0.5, -2.9, -2.9, 0.6, 0.0 | 266.25635077819175
-0.4, 3.2, -3.2, 0.0, 0.0, -0.4, -2.5, -2.5, 0.0, 0.5 | 228.73623962937154
-0.5, 4.5, -6.0, 0.0, 0.0, -0.5, -3.2, -3.2, 2.0, 0.5 | 232.48211101898173
0.8, 2.6, -6.0, 0.0, 0.0, -0.2, -2.2, -2.2, 0.8, 0.5 | 264.4444157409855
0.0, 2.0, -6.0, 0.0, 0.0, -0.2, -2.5, -2.5, 0.5, 0.5 | 226.1537486529431
-2.0, 4.2, -6.0, 0.0, 0.0, -0.5, -3.1, -3.1, 0.6, 0.0 | 234.62496671422187
-0.5, 3.3, -3.3, 0.0, 0.0, -0.5, -2.4, -2.4, 0.0, 0.5 | 234.29336657845866
0.0, 5.0, -6.0, 0.0, 0.0, -0.1, -1.8, -1.8, 2.0, 0.1 | 262.8207379302793
-0.2, 4.9, -6.0, 0.3, -0.3, -0.8, -2.5, -2.5, 0.9, 0.4 | 264.55013499476655
1.0, 2.7, -6.0, 0.0, 0.0, -0.4, -2.5, -2.5, 0.7, 0.7 | 206.636181966281
-0.4, 5.5, -6.0, 0.0, 0.0, -1.0, -4.0, -4.0, 1.0, 0.5 | 206.5128233312402
-0.4, 4.1, -6.0, 0.0, 0.0, -0.5, -3.0, -3.0, 0.7, 0.0 | 252.12720195449828
-0.5, 3.4, -3.4, 0.0, 0.0, -0.5, -2.6, -2.6, 0.0, 0.5 | 215.8387825574323
0.0, 5.0, -6.0, 0.0, 0.0, -0.3, -2.5, -2.5, 0.5, 0.5 | 215.03971244478512
-0.6, 4.1, -6.0, 0.0, 0.0, -0.6, -3.1, -3.1, 0.5, 0.5 | 229.01878017730922
0.5, 2.9, -6.0, 0.0, 0.0, -0.5, -2.5, -2.5, 0.5, 0.5 | 242.57355407864605
1.0, 3.0, -6.0, 0.0, 0.0, -0.5, -2.5, -2.5, 0.5, 0.5 | 256.6095341190617
-0.4, 4.2, -6.0, 0.0, 0.0, -0.5, -3.0, -3.0, 0.6, 0.1 | 272.67127118896326
-0.4, 4.4, -6.0, 0.0, 0.0, -0.5, -3.0, -3.0, 3.0, 0.5 | 208.37591889717382
-0.5, 5.0, -6.0, 0.0, 0.0, -0.5, -3.0, -3.0, 0.5, 0.0 | 243.80982047844228
0.9, 2.6, -6.0, 0.0, 0.0, -0.4, -2.4, -2.4, 0.6, 0.6 | 216.40312868544578
-0.4, 4.2, -5.0, 0.0, 0.0, -0.4, -3.0, -3.0, 0.6, 0.0 | 235.18492499571568
-0.3, 4.6, -6.0, 0.0, 0.0, -0.5, -3.0, -3.0, 0.6, 0.0 | 260.0082262031275
-0.2, 5.0, -6.0, 0.2, -0.2, -0.8, -2.6, -2.6, 0.6, 0.4 | 266.0998969655967
-0.5, 5.0, -5.5, 0.5, -0.5, -1.0, -4.0, -4.0, 1.0, 0.0 | 196.73509094944257
0.0, 5.2, -6.0, 0.0, 0.0, -0.1, -1.5, -1.5, 1.3, 0.3 | 213.08131166386892
-0.5, 6.0, -6.0, 0.0, 0.0, -0.5, -3.0, -3.0, 0.0, 0.5 | 190.17278429283152
-0.5, 3.6, -3.6, 0.0, 0.0, -0.5, -2.4, -2.4, 0.0, 0.6 | 222.60226526671636
-0.3, 5.5, -6.0, 0.0, 0.0, -0.2, -2.0, -2.0, 1.0, 0.0 | 239.87526033487103
-0.6, 4.2, -6.0, 0.0, 0.0, -0.5, -3.0, -3.0, 0.8, 0.2 | 249.14090291165454
0.9, 3.0, -6.0, 0.0, 0.0, -0.3, -2.3, -2.3, 0.8, 0.8 | 198.68125354594815
-0.4, 4.2, -6.0, 0.0, 0.0, -0.5, -3.0, -3.0, 0.7, 0.2 | 253.5495391008426
0.0, 6.0, -6.0, 0.0, 0.0, -0.2, -2.0, -2.0, 1.0, 0.2 | 266.56967813210065
0.9, 2.5, -6.0, 0.0, 0.0, -0.5, -2.5, -2.5, 0.6, 0.6 | 226.3291019581853
1.0, 3.0, -6.0, -0.5, -0.5, -0.3, -2.6, -2.6, 0.6, 0.6 | 257.7106937119707
-0.3, 4.3, -6.0, 0.0, 0.0, -0.5, -3.0, -3.0, 0.7, 0.1 | 247.15561197489887
-0.5, 6.0, -5.0, 0.2, -0.2, -0.2, -2.5, -2.5, 1.5, 0.2 | 271.21632901875216
-0.5, 3.6, -3.6, 0.0, 0.0, -0.5, -2.6, -2.6, 0.0, 0.5 | 217.23946561422864
-0.5, 3.4, -3.4, 0.0, 0.0, -0.5, -2.6, -2.6, 0.0, 0.6 | 197.48773515468756
-0.45, 3.4, -3.4, 0.0, 0.0, -0.45, -2.6, -2.6, 0.1, 0.6 | 193.86380152411692
0.0, 6.0, -6.0, 0.0, 0.0, -0.1, -2.5, -2.5, 1.5, 0.1 | 209.86791422552832
0.1, 5.6, -6.0, 0.1, -0.1, -0.1, -2.2, -2.2, 1.4, 0.2 | 253.06873402555198
-0.2, 4.9, -6.0, 0.0, 0.0, -0.5, -3.3, -3.3, 0.8, 0.4 | 229.2646878720512
-0.45, 3.4, -3.4, 0.1, -0.1, -0.45, -2.6, -2.6, 0.0, 0.5 | 221.39310750911372
-0.45, 3.4, -3.4, 0.0, 0.0, -0.45, -2.5, -2.5, 0.0, 0.5 | 212.61274449493675
0.6, 3.0, -6.0, 0.0, 0.0, -0.5, -2.5, -2.5, 0.6, 0.6 | 235.45310291001852
-0.7, 5.0, -5.0, 0.0, 0.0, -0.7, -4.0, -4.0, 0.0, 0.5 | 189.91806019534943
0.5, 2.6, -6.0, 0.0, 0.0, -0.5, -2.5, -2.5, 0.5, 0.5 | 259.0550988525821
0.9, 2.5, -6.0, 0.0, 0.0, -0.3, -2.3, -2.3, 0.8, 0.8 | 228.0583284624257
0.0, 5.0, -6.0, 0.0, 0.0, -0.3, -2.0, -2.0, 1.1, 0.3 | 261.5635718659971
1.0, 3.0, -6.5, 0.0, 0.0, -0.3, -2.3, -2.3, 0.7, 0.7 | 201.7041085608713
0.2, 4.8, -6.0, 0.2, -0.2, -0.4, -2.0, -2.0, 0.8, 0.3 | 264.51610024553713
-0.5, 5.0, -6.0, 0.0, 0.0, -0.5, -3.5, -3.5, 1.0, 0.0 | 204.4021963351337
-0.5, 4.0, -6.0, 0.0, 0.0, -0.5, -3.0, -3.0, 0.5, 0.5 | 193.18308782357195
-0.6, 4.5, -6.0, 0.0, 0.0, -0.6, -3.2, -3.2, 0.4, 0.2 | 235.19510227445875
0.9, 2.5, -6.0, 0.1, 0.1, -0.3, -2.2, -2.2, 0.6, 0.5 | 204.71666672456712
-0.3, 4.6, -6.0, 0.0, 0.0, -0.5, -3.4, -3.4, 0.7, 0.1 | 196.96175461241506
-0.3, 5.3, -6.0, 0.2, -0.2, -0.3, -2.8, -2.8, 0.9, 0.3 | 272.16935842810994
-0.5, 4.7, -6.0, 0.0, 0.0, -0.5, -3.1, -3.1, 0.8, 0.2 | 234.36255325482952
2.0, 4.0, -6.0, 0.0, 0.0, -0.1, -2.5, -2.5, 0.5, 0.5 | 219.92772480634625
-0.4, 3.6, -3.6, 0.0, 0.0, -0.4, -2.8, -2.8, 0.0, 0.5 | 201.58527411566521
-0.5, 4.5, -6.0, 0.0, 0.0, -0.5, -3.1, -3.1, 0.7, 0.0 | 239.5600367100892
5.0, 5.0, -6.0, 0.0, 0.0, -0.2, -2.5, -2.5, 0.5, 0.5 | 203.62394038864727
-0.6, 4.0, -4.0, 0.0, 0.0, -0.6, -2.4, -2.4, 0.0, 0.7 | 204.22096133048518
-0.3, 4.2, -6.0, 0.0, 0.0, -0.5, -3.2, -3.2, 0.6, 0.0 | 257.79370722439444
1.0, 2.5, -6.0, 0.0, 0.0, -0.3, -2.2, -2.2, 0.7, 0.7 | 208.83867056180688
0.5, 2.5, -6.0, 0.1, 0.1, -0.4, -2.4, -2.4, 0.5, 0.5 | 228.1161616960184
-0.4, 3.5, -3.5, 0.0, 0.0, -0.4, -2.6, -2.6, 0.0, 0.5 | 197.53112269761252
0.7, 2.5, -6.0, 0.0, 0.0, -0.4, -2.4, -2.4, 0.5, 0.5 | 255.14986355509058
0.0, 5.0, -6.0, 0.0, 0.0, 0.0, -2.0, -2.0, 6.0, 0.0 | 279.9231197916483
0.5, 2.5, -6.0, 0.0, 0.0, -0.5, -2.5, -2.5, 0.5, 0.5 | 275.42134675822905
0.2, 5.0, -6.0, 0.0, 0.0, -0.2, -2.0, -2.0, 1.0, 0.0 | 317.10723823340294
-0.2, 5.0, -6.0, 0.0, 0.0, -0.9, -2.3, -2.3, 0.9, 0.2 | 304.79495156116167
-0.5, 4.0, -6.0, 0.0, 0.0, -0.5, -3.0, -3.0, 0.5, 0.0 | 292.05524164544784
0.0, 5.0, -6.0, 0.0, 0.0, -0.2, -2.0, -2.0, 0.8, 0.0 | 325.97242438469635
0.0, 5.0, -6.0, 0.0, 0.0, -0.2, -2.0, -2.0, 1.0, 0.1 | 285.3334539857995
-0.3, 4.3, -6.0, 0.2, -0.2, -0.4, -2.7, -2.7, 0.7, 0.2 | 336.8873529015887
-0.4, 4.8, -6.0, 0.0, 0.0, -0.5, -3.0, -3.0, 0.6, 0.0 | 299.89716827858103
0.8, 2.5, -6.0, 0.0, 0.0, -0.4, -2.4, -2.4, 0.5, 0.5 | 287.0288119585515
0.0, 5.0, -6.0, 0.0, 0.0, -0.2, -2.2, -2.2, 0.9, 0.0 | 325.2784843844009
0.1, 5.0, -6.0, 0.0, 0.0, -0.2, -2.0, -2.0, 1.0, 0.0 | 297.5356412512905
0.0, 5.0, -6.0, 0.0, 0.0, -0.2, -2.2, -2.2, 1.0, 0.0 | 289.1718195813066
0.1, 5.5, -6.0, 0.0, 0.0, -1.0, -3.0, -3.0, 0.0, 0.0 | 301.8179394771156
0.0, 5.1, -6.0, 0.0, 0.0, -0.2, -2.0, -2.0, 1.1, 0.0 | 303.50524497826916
0.1, 5.0, -6.0, 0.0, 0.0, -0.2, -2.1, -2.1, 1.1, 0.0 | 288.4563268144649
0.0, 5.0, -6.0, 0.0, 0.0, -0.3, -2.1, -2.1, 1.1, 0.1 | 323.8736767622126
-0.4, 4.2, -6.0, 0.0, 0.0, -0.5, -3.0, -3.0, 0.6, 0.0 | 325.6326555067547
0.0, 5.0, -6.0, 0.0, 0.0, -0.3, -2.1, -2.1, 1.0, 0.0 | 315.19019702233544
0.0, 5.0, -6.0, 0.1, -0.1, -0.2, -2.2, -2.2, 1.1, 0.1 | 341.04265360198923
-0.4, 4.6, -6.0, 0.0, 0.0, -0.5, -3.0, -3.0, 0.7, 0.0 | 300.6398176847992
0.0, 5.0, -6.0, 0.0, 0.0, -0.2, -2.0, -2.0, 1.2, 0.0 | 281.45376718108884
0.1, 5.0, -6.0, 0.0, 0.0, -0.2, -2.0, -2.0, 1.1, 0.0 | 345.0753640256425
0.0, 5.6, -6.0, 0.0, 0.0, -0.2, -2.0, -2.0, 1.0, 0.1 | 301.2685667711878
-0.1, 4.5, -6.0, 0.2, -0.2, -1.0, -2.5, -2.5, 0.6, 0.2 | 350.7442851249456
0.0, 5.0, -6.0, 0.0, 0.0, -0.1, -1.9, -1.9, 1.2, 0.1 | 308.7866155855198
0.8, 2.4, -6.0, 0.0, 0.0, -0.4, -2.4, -2.4, 0.5, 0.5 | 280.28754402823444
0.0, 5.0, -6.0, 0.0, 0.0, 0.0, -2.0, -2.0, 1.5, 0.2 | 284.4470483792785
-0.2, 4.4, -5.5, 0.3, -0.3, -0.3, -2.5, -2.5, 0.9, 0.3 | 289.5382535326762
0.0, 5.0, -6.0, 0.0, 0.0, -0.2, -2.0, -2.0, 0.9, 0.0 | 308.7395650844628
-0.4, 4.8, -6.0, 0.0, 0.0, -0.5, -3.2, -3.2, 0.9, 0.2 | 279.3304796642382
0.0, 5.0, -6.0, 0.0, 0.0, -0.2, -2.0, -2.0, 1.0, 0.0 | 357.35641376997506
0.1, 5.0, -6.0, 0.0, 0.0, -0.3, -2.2, -2.2, 1.2, 0.0 | 331.07602819400745
0.0, 5.1, -6.0, 0.0, 0.0, -0.1, -2.0, -2.0, 1.1, 0.0 | 317.0275202803772
0.0, 5.0, -6.0, 0.0, 0.0, -0.1, -1.8, -1.8, 1.2, 0.1 | 277.7391276007415
0.0, 5.2, -6.0, 0.2, -0.2, -0.3, -1.9, -1.9, 1.2, 0.2 | 297.9188944305275
0.0, 5.0, -6.0, 0.0, 0.0, -0.2, -2.0, -2.0, 1.2, 0.0 | 297.80547281273857
0.0, 5.0, -6.0, 0.0, 0.0, -0.2, -2.0, -2.0, 1.3, 0.0 | 297.08615847303776
0.8, 2.5, -6.0, 0.0, 0.0, -0.4, -2.5, -2.5, 0.5, 0.5 | 288.76311731785654
0.0, 5.0, -6.0, 0.0, 0.0, -0.2, -2.0, -2.0, 1.0, 0.1 | 309.4911447161326
-0.1, 5.1, -6.0, 0.0, 0.0, -0.2, -2.0, -2.0, 1.1, 0.1 | 280.7877240775637
-0.5, 5.5, -6.0, 0.0, 0.0, -0.5, -2.3, -2.3, 0.9, 0.2 | 282.4266082237705
0.9, 2.5, -6.0, 0.0, 0.0, -0.4, -2.4, -2.4, 0.5, 0.5 | 275.5768346023804
0.0, 5.0, -6.0, 0.0, 0.0, -0.2, -2.0, -2.0, 1.2, 0.0 | 302.01311940117597
0.0, 5.0, -6.0, 0.0, 0.0, -0.1, -2.0, -2.0, 1.0, 0.0 | 332.2324351731919
0.0, 5.1, -6.0, 0.2, -0.2, -0.2, -1.9, -1.9, 1.2, 0.2 | 281.9537264635128
0.1, 5.2, -6.0, 0.0, 0.0, -0.1, -2.0, -2.0, 1.1, 0.1 | 308.7493150472616
0.0, 5.0, -6.0, 0.0, 0.0, -0.2, -2.0, -2.0, 1.0, 0.0 | 303.6715097265502
-0.4, 4.5, -6.0, 0.0, 0.0, -0.5, -2.5, -2.5, 0.8, 0.2 | 285.0729155095842
0.0, 5.0, -6.0, 0.2, -0.2, -0.2, -2.1, -2.1, 1.2, 0.2 | 288.7402348005321
-0.3, 5.0, -6.0, 0.0, 0.0, -0.4, -2.9, -2.9, 0.9, 0.2 | 274.57987051150633
0.0, 5.2, -5.8, 0.0, 0.0, -0.3, -2.5, -2.5, 1.0, 0.1 | 310.8050113242791
-0.5, 4.5, -6.0, 0.0, 0.0, -0.5, -3.2, -3.2, 1.0, 0.2 | 281.70039062243177
-0.4, 4.5, -6.0, 0.0, 0.0, -0.4, -2.5, -2.5, 0.9, 0.0 | 318.34379973478127
0.6, 2.5, -6.0, 0.0, 0.0, -0.4, -2.4, -2.4, 0.5, 0.5 | 285.5387887319018
