0.0, -0.9, 0.0, 0.0, 0.4, 2.0, 0.0, -0.8, 0.5 | -200.0
-1.0, -5.2, 0.0, -1.0, 2.2, 6.0, 0.0, -5.0, 0.0 | -200.0
0.5, -1.0, 0.0, -1.0, 2.0, 3.0, 0.0, -6.0, 0.0 | -200.0
0.0, -1.0, 0.0, -0.8, 1.0, 0.8, 0.0, -5.0, 0.3 | -200.0
-2.0, -5.0, 0.0, 0.0, 2.0, 5.0, 0.0, -6.0, 0.0 | -200.0
-3.0, -1.0, 0.0, 0.0, 3.0, 1.0, 0.0, -1.0, 0.0 | -200.0
0.0, -4.2, 1.0, 0.5, 2.2, 6.0, 0.0, -5.0, 0.0 | -200.0
0.0, -1.2, 0.0, 0.0, 0.5, 1.0, 0.0, -1.0, 0.5 | -200.0
0.0, -2.0, 0.0, 0.0, 2.0, 5.6, 1.0, -6.0, 0.0 | -200.0
0.0, -5.0, 0.0, 0.0, 2.5, 6.0, 0.0, -5.0, 1.0 | -200.0
0.0, -1.0, 0.0, 0.0, 0.5, 6.0, 0.0, -6.0, -0.5 | -200.0
0.0, -6.0, 0.0, 0.0, 1.0, 6.0, 0.0, -5.0, 1.0 | -200.0
-1.0, -3.0, 0.0, 0.0, 2.6, 7.5, 0.0, -5.0, 0.0 | -200.0
0.5, -5.0, 0.0, 0.0, 2.2, 6.0, 0.0, -5.0, 0.0 | -200.0
0.0, -4.0, 0.5, 0.0, 2.5, 7.0, 0.0, -5.0, 0.0 | -200.0
-0.5, -1.0, 0.0, -1.0, 2.0, 4.0, 0.0, -5.8, 0.0 | -200.0
0.0, -4.0, 1.0, 0.5, 2.3, 6.0, 0.0, -5.0, 0.0 | -200.0
0.0, -2.0, 0.0, 0.0, 3.2, 5.4, 0.0, -6.0, 0.5 | -200.0
1.0, -1.0, 0.0, -1.0, 1.0, 1.0, 0.0, -5.0, 0.0 | -200.0
-1.0, -4.0, 0.0, 0.0, 2.5, 6.0, 0.0, -5.0, 0.0 | -200.0
-0.1, -1.0, 0.0, 0.0, 0.6, 1.0, 0.0, -0.9, 0.0 | -200.0
-1.0, -1.0, 0.0, 0.0, 0.0, 1.0, 0.0, -1.0, 0.0 | -200.0
-0.5, -5.0, 0.0, -6.0, 0.5, 6.0, -1.0, 1.0, -1.0 | -200.0
0.0, -6.0, 0.0, 0.0, 1.0, 6.0, 0.0, 0.0, 0.0 | -200.0
0.0, -0.9, 0.0, 0.0, 0.6, 2.3, 0.0, -0.9, 0.2 | -200.0
0.0, -3.0, 0.0, 0.0, 2.6, 7.5, 1.0, -5.0, 0.0 | -200.0
-1.0, 0.0, 1.0, -1.0, 0.0, 1.0, -0.2, -6.0, 0.0 | -200.0
0.0, -1.0, 0.0, -1.0, 1.5, 1.0, 1.0, -5.0, 0.0 | -200.0
0.0, -6.0, 0.0, 0.0, 1.0, 6.0, 0.0, -5.0, 0.5 | -200.0
0.0, -1.0, 0.0, -1.0, 2.0, 4.0, -0.5, -6.0, 0.0 | -200.0
0.0, -0.5, 0.0, -0.5, 2.0, 3.0, 0.5, -5.0, 0.0 | -200.0
0.5, -3.0, 0.0, 0.0, 2.5, 7.5, 0.0, -4.0, 0.0 | -200.0
0.2, -2.0, 0.0, 0.0, 3.2, 5.3, 0.0, -6.0, 0.0 | -184.2
0.0, -6.0, 0.0, 0.0, 0.0, 6.0, 0.0, -6.0, 2.0 | -200.0
-2.0, -5.0, 0.0, 0.0, 2.0, 5.0, 0.0, -5.0, 0.0 | -200.0
0.0, -0.9, 1.0, 0.0, 0.4, 2.0, 0.0, -0.9, 0.0 | -200.0
-1.0, -1.0, 0.0, 0.0, 0.6, 1.0, 0.0, -0.9, 0.0 | -200.0
0.0, -4.0, 0.0, 0.0, 2.5, 6.0, 0.0, -5.0, 0.1 | -185.9
0.0, -0.9, 0.0, 0.0, 1.3, 2.0, 0.0, -0.9, 0.2 | -200.0
-1.0, -1.0, 0.0, 0.0, 0.0, 6.0, 0.0, -6.0, 0.0 | -200.0
-1.0, -1.0, 0.0, -1.0, 2.0, 3.0, 0.0, -6.0, 0.0 | -200.0
0.0, -1.0, 0.1, 0.0, 0.6, 1.0, 0.0, -0.9, 0.0 | -200.0
-1.0, -5.0, 0.0, -6.0, 1.0, 6.0, 0.0, -5.0, 0.0 | -200.0
-1.0, -6.0, 0.0, 0.0, 1.0, 6.0, 0.0, -5.0, 0.0 | -200.0
0.0, -1.0, 0.0, 0.0, 0.5, 1.0, 0.5, -0.9, 0.0 | -200.0
0.0, 0.0, -0.5, 0.0, 0.5, 1.0, 0.0, -0.9, 0.0 | -200.0
0.0, -4.0, 0.0, 0.0, 2.5, 7.0, 1.0, -5.0, 0.0 | -200.0
0.0, -1.0, 0.2, 0.0, 0.5, 1.0, 0.0, -0.9, 0.0 | -200.0
0.0, -0.9, 1.0, 0.0, 0.4, 1.3, 0.0, -0.9, 0.0 | -200.0
-0.5, -1.9, 0.0, 0.0, 0.5, 6.0, 0.0, -6.0, 0.0 | -200.0
0.0, -1.9, 0.5, 0.0, 0.0, 6.0, 0.0, -6.0, 0.0 | -200.0
0.0, -4.2, 0.1, 0.4, 2.2, 6.0, 0.0, -5.0, 0.0 | -183.25
0.0, -6.0, 1.0, 0.0, 1.0, 6.0, 0.0, -5.0, 0.0 | -200.0
1.0, -1.0, 0.0, -1.0, 2.0, 4.0, 0.0, -5.8, 0.0 | -200.0
-0.5, -5.0, 0.0, 0.0, 2.5, 6.0, 0.0, -5.0, 0.0 | -200.0
-1.0, -5.0, 0.0, 0.0, 1.0, 5.0, 0.0, -4.0, 0.0 | -200.0
0.0, -1.0, 0.0, 0.0, 0.5, 1.0, -1.0, -1.0, 0.0 | -200.0
0.1, -0.9, 0.0, 0.0, 0.4, 1.3, 0.0, -0.9, 0.0 | -200.0
0.5, -4.0, 0.0, 0.0, 2.5, 7.0, 0.0, -5.0, 0.0 | -200.0
0.0, -5.0, 0.0, 0.0, 0.0, 5.0, 0.0, -6.0, 2.0 | -200.0
-0.5, -6.0, 0.0, 0.0, 0.5, 6.0, 0.0, -5.0, 0.0 | -200.0
0.0, -2.0, 0.0, 0.0, 2.0, 5.5, 0.1, -6.0, 0.0 | -194.3
-0.2, -0.9, 0.0, 0.0, 0.35, 2.0, 0.0, -0.9, 0.0 | -200.0
0.0, -1.0, 0.0, -1.0, 2.0, 4.0, 0.5, -5.8, 0.0 | -200.0
0.0, -6.0, 0.5, 0.0, 1.0, 6.0, 0.0, -5.0, 0.0 | -200.0
0.0, -0.9, 0.0, 0.0, 0.6, 2.0, -0.1, -0.9, 0.0 | -200.0
0.0, -5.0, 0.0, 0.0, 2.5, 6.0, 0.0, -5.0, 0.5 | -200.0
-1.0, -2.0, 0.0, 0.0, 1.0, 2.0, 0.0, -6.0, 0.0 | -200.0
0.0, -1.9, 1.0, 0.0, 0.0, 6.0, 0.0, -6.0, 0.0 | -200.0
-6.0, 0.0, 6.0, -6.0, 0.0, 6.0, 0.0, -5.0, 0.0 | -200.0
0.0, -4.2, 0.0, 0.5, 2.2, 6.0, -1.0, -5.0, 1.0 | -200.0
0.0, -5.2, 0.0, 0.0, 2.2, 6.0, 0.0, -5.0, -1.0 | -200.0
0.0, -1.0, 0.5, -1.0, 3.0, 5.0, 0.0, -5.4, 0.0 | -200.0
0.0, -6.0, 0.0, 0.0, 1.5, 6.0, 0.0, -4.5, 0.5 | -200.0
0.5, -1.0, 0.0, -1.0, 1.5, 1.0, 0.0, -5.0, 0.0 | -200.0
1.0, -3.0, 0.0, 0.0, 2.6, 7.5, 0.0, -5.0, 0.0 | -200.0
0.0, -0.9, 0.0, 0.0, 0.5, 2.0, 0.0, -0.9, 0.1 | -200.0
0.0, -3.0, 0.0, 0.0, 2.6, 7.5, 0.0, -5.0, 1.0 | -200.0
0.0, -0.9, 0.0, 0.0, 0.4, 2.0, 0.0, 0.1, 0.0 | -200.0
0.0, -0.9, 0.0, 0.0, 0.6, 2.0, 0.0, -0.9, 1.0 | -200.0
0.0, -1.0, 0.0, -1.0, 1.0, 1.0, 0.0, -4.0, 0.5 | -200.0
0.2, -0.9, 0.0, 0.0, 0.4, 2.0, 0.0, -0.9, 0.0 | -200.0
-1.0, -5.0, 0.0, 0.0, 3.0, 6.0, 0.0, -5.0, -1.0 | -200.0
0.0, -1.0, 0.5, -1.0, 1.0, 1.0, 0.0, -5.0, 0.0 | -200.0
-1.0, -5.5, 0.0, 0.0, 1.0, 5.5, 0.0, -4.0, 0.0 | -200.0
-0.5, -1.9, 0.0, 0.0, 0.0, 6.0, 0.0, -6.0, 0.0 | -200.0
0.0, -5.0, 1.0, -1.0, 2.5, 7.0, 0.0, -5.0, 0.0 | -200.0
-1.0, -3.0, 0.0, 0.0, 2.6, 7.5, 0.0, -5.0, 0.0 | -200.0
0.0, 0.0, 0.0, 0.0, 0.0, 0.0, 0.0, -1.0, 0.0 | -200.0
0.0, -1.0, 1.0, -1.0, 3.0, 5.0, 0.0, -5.4, 0.0 | -200.0
0.0, -1.0, 0.0, -1.0, 1.5, 1.0, 0.0, -5.0, 0.2 | -200.0
1.0, -1.0, 0.0, 0.0, 0.5, 1.0, 0.0, -0.9, 0.0 | -200.0
-0.5, -2.0, 0.0, 0.0, 0.0, 6.0, 0.0, -6.0, 0.0 | -200.0
0.0, -2.0, 0.0, 0.0, 3.2, 5.4, 0.1, -6.0, 0.0 | -197.35
-0.5, -2.0, 0.0, 0.0, 0.5, 6.0, 0.0, -6.0, 0.0 | -200.0
-3.0, -1.0, 0.0, 0.0, 3.0, 1.0, 0.0, -5.0, 0.0 | -200.0
-1.0, -2.0, 0.0, 0.0, 2.1, 5.5, 0.0, -6.0, 0.0 | -200.0
1.0, -3.0, 0.0, 0.0, 2.6, 7.5, 0.0, -5.0, 0.0 | -200.0
0.0, -1.0, 0.0, -1.0, 2.0, 5.0, 0.0, -5.4, -0.5 | -200.0
0.0, -1.9, 0.0, 0.0, 0.0, 6.0, 0.0, -6.0, -0.5 | -200.0
0.0, -4.0, 1.0, 0.5, 2.3, 5.0, 0.0, -5.0, 0.0 | -200.0
-1.0, -6.0, 0.0, 0.0, 1.0, 6.0, 0.0, -2.0, 0.0 | -200.0
-0.2, -0.9, 0.0, 0.0, 0.4, 2.0, 0.0, -0.9, 0.0 | -200.0
0.0, -4.2, 0.0, 0.5, 2.2, 6.0, 0.5, -5.0, 0.0 | -200.0
1.0, -5.0, 0.0, 0.0, 2.5, 7.0, 0.0, -5.0, 0.0 | -200.0
-0.5, -6.0, 0.0, 0.0, 1.0, 6.0, 0.0, -5.0, 0.5 | -200.0
0.0, -1.0, 0.0, -1.0, 1.5, 1.0, 1.0, -4.0, 0.0 | -200.0
0.1, -0.9, 0.0, 0.0, 0.4, 1.3, 0.0, -0.9, 0.0 | -200.0
-0.2, -1.0, 0.0, 0.0, 0.2, 1.0, 0.0, -1.0, 0.0 | -200.0
0.0, -3.0, 0.0, 0.0, 3.4, 7.5, 0.0, -4.5, 0.5 | -200.0
1.0, -3.0, 0.0, 0.0, 2.6, 7.5, 0.0, -5.0, 0.0 | -200.0
-0.5, -2.0, 0.0, 0.0, 3.2, 5.4, 0.0, -6.0, 0.0 | -200.0
0.0, -5.2, 0.0, 0.0, 2.2, 6.0, -0.5, -5.0, 0.0 | -200.0
-0.2, -1.0, 0.0, 0.0, 0.5, 1.0, 0.0, -0.9, 0.0 | -200.0
0.5, -6.0, 0.0, 0.0, 1.0, 6.0, 0.0, -5.0, 0.0 | -200.0
-0.5, -2.0, 0.0, 0.0, 0.5, 6.0, 0.0, -6.0, 0.0 | -200.0
-1.0, -1.0, 0.0, 0.0, 1.0, 1.0, 0.0, -2.0, 0.0 | -200.0
0.0, -1.0, 0.0, 0.0, 0.6, 1.0, 0.0, -0.9, 0.1 | -200.0
0.0, -1.9, 0.0, 0.0, 0.0, 6.0, 0.5, -6.0, 0.0 | -200.0
0.0, -1.0, 0.0, 0.0, 0.0, 1.0, 0.0, -1.0, 0.5 | -200.0
0.0, -1.0, 1.0, -1.0, 2.0, 4.0, 0.0, -5.8, 0.0 | -200.0
-1.0, -6.0, 0.0, 0.0, 1.0, 6.0, 0.0, -4.0, 0.0 | -200.0
-0.5, -1.0, 0.0, -1.0, 2.0, 5.0, 0.0, -5.4, 0.0 | -200.0
0.0, -0.8, 0.0, 0.0, 6.0, 0.0, 0.0, -6.0, 0.0 | -200.0
0.5, -4.2, 0.0, 0.5, 2.2, 6.0, 0.0, -5.0, 0.0 | -200.0
-0.2, -1.0, 0.0, 0.0, 0.6, 1.0, 0.0, -0.9, 0.0 | -200.0
-2.0, -2.0, 0.0, 0.0, 1.0, 2.0, 0.0, -6.0, 0.0 | -200.0
0.5, -2.0, 0.0, 0.0, 0.5, 6.0, 0.5, -6.0, 0.5 | -200.0
-5.0, -5.0, 0.0, 0.0, 5.0, 5.0, 0.5, 0.0, -0.5 | -200.0
0.0, -5.0, 0.0, 0.0, 2.5, 7.0, 0.0, -5.0, 0.5 | -200.0
0.0, -3.0, 0.0, 0.0, 2.6, 7.5, 0.0, -5.0, 0.1 | -166.9
0.0, -6.0, 0.0, -6.0, 0.0, 6.0, 0.0, -4.0, 0.0 | -156.0
0.0, -5.0, 0.0, 0.0, 2.5, 7.0, 0.0, -4.0, 0.0 | -154.9
0.2, -4.0, 0.0, 0.0, 2.5, 6.0, 0.0, -5.0, 0.0 | -176.35
0.2, -2.0, 0.0, 0.0, 2.2, 5.5, 0.0, -6.0, 0.0 | -168.15
-0.1, -2.0, 0.0, 0.0, 3.0, 5.4, 0.0, -6.0, 0.0 | -170.95
0.1, -2.0, 0.0, 0.0, 3.2, 5.4, 0.0, -6.0, 0.0 | -155.75
-0.1, -1.9, 0.0, 0.0, 0.0, 6.0, 0.0, -6.0, 0.0 | -164.8
0.2, -1.9, 0.0, 0.0, 0.0, 6.0, 0.0, -6.0, 0.0 | -176.25
0.1, -4.0, 0.0, 0.5, 2.2, 6.0, 0.0, -5.0, 0.0 | -168.45
0.0, -5.2, 0.0, 0.0, 2.2, 6.0, 0.0, -4.0, 0.0 | -161.1
0.0, -6.0, 0.0, 0.0, 0.0, 6.0, 0.0, -4.0, 0.0 | -156.05
0.0, -6.0, 0.0, 0.0, 0.0, 6.0, 0.0, -5.0, 0.0 | -158.9
0.0, -5.2, 0.1, 0.0, 2.2, 6.0, 0.0, -5.0, 0.0 | -173.0
0.2, -4.2, 0.0, 0.5, 2.2, 6.0, 0.0, -5.0, 0.0 | -176.0
0.2, -5.2, 0.0, 0.0, 2.2, 6.0, 0.0, -5.0, 0.0 | -167.0
0.0, -6.0, 0.0, 0.0, 1.0, 6.0, 0.0, -4.8, 0.0 | -159.9
-0.1, -5.2, 0.0, 0.0, 2.2, 6.0, 0.0, -5.0, 0.0 | -163.8
0.1, -4.0, 0.0, 0.5, 2.35, 5.0, 0.0, -5.0, 0.0 | -172.05
0.0, -6.0, 0.0, 0.0, 1.0, 6.0, 0.0, -4.5, 0.0 | -160.85
0.0, -6.0, 0.0, 0.0, 1.2, 6.0, 0.0, -4.0, 0.0 | -156.05
0.2, -4.2, 0.0, 0.4, 2.2, 6.0, 0.0, -5.0, 0.0 | -171.85
0.0, -5.2, 0.0, 0.0, 2.2, 6.0, 0.0, -4.0, 0.0 | -163.7
0.0, -6.0, 0.0, 0.0, -0.5, 6.0, 0.0, -5.0, 0.0 | -155.55
0.0, -4.5, 0.0, 0.5, 2.3, 5.0, 0.0, -5.0, 0.0 | -155.25
0.1, -5.2, 0.0, 0.0, 2.2, 6.0, 0.0, -5.0, 0.0 | -154.95
0.0, -5.2, 0.0, 0.0, 2.2, 6.0, 0.0, -4.0, 0.0 | -162.55
0.0, -4.2, -0.1, 0.4, 2.2, 6.0, 0.0, -5.0, 0.0 | -159.45
0.0, -1.5, 0.0, 0.0, 0.5, 1.0, 0.0, -1.0, 0.0 | -155.95
0.0, -1.0, 0.0, 0.0, 0.4, 2.0, 0.0, -0.9, 0.0 | -155.15
0.0, -0.9, 0.0, 0.0, 0.4, 2.0, 0.0, -0.7, 0.0 | -158.2
0.0, -1.0, 0.0, 0.0, 0.5, 1.0, 0.0, -0.8, 0.0 | -158.3
0.0, -1.2, 0.0, 0.0, 0.4, 1.1, 0.0, -0.85, 0.0 | -157.05
0.0, -1.2, 0.0, 0.0, 0.5, 1.0, 0.0, -0.8, 0.0 | -156.3
0.0, -1.0, 0.0, 0.0, 0.5, 1.0, 0.0, -0.8, 0.0 | -155.95
0.0, -1.0, 0.0, 0.0, 0.5, 1.0, 0.0, -0.8, 0.0 | -156.45
0.1, -1.0, 0.0, -1.0, 2.0, 4.0, 0.0, -6.0, 0.0 | -163.9
0.2, -1.0, 0.0, -1.0, 2.0, 4.0, 0.0, -6.0, 0.0 | -172.35
0.2, -1.0, 0.0, -1.0, 2.0, 4.0, 0.0, -6.0, 0.0 | -168.1
-0.1, -1.0, 0.0, -1.0, 2.0, 4.0, 0.0, -5.8, 0.0 | -174.1
-0.1, -1.0, 0.0, -1.0, 3.0, 5.0, 0.0, -5.4, 0.0 | -172.55
0.0, -1.0, 0.0, -1.0, 2.5, 5.0, 0.0, -5.5, 0.0 | -143.35
0.0, -0.9, 0.0, 0.0, 0.65, 2.0, 0.0, -0.9, 0.0 | -142.3
0.0, -1.7, 0.0, 0.0, 0.0, 6.0, 0.0, -5.0, 0.0 | -146.6
0.0, -1.0, 0.0, -1.0, 2.5, 4.0, 0.0, -6.0, 0.0 | -138.15
0.0, -1.0, 0.0, -1.0, 1.5, 2.0, 0.0, -4.5, 0.0 | -133.4
0.0, -6.0, 0.0, 0.0, 0.0, 6.0, 0.0, -5.0, 0.0 | -134.25
0.0, -4.0, 0.0, 0.0, 2.5, 7.0, 0.0, -5.0, 0.0 | -134.7
0.0, -6.0, 0.0, 0.0, 2.5, 7.0, 0.0, -5.0, 0.0 | -140.2
0.0, -1.0, 0.0, 0.0, 0.8, 1.0, 0.0, -1.0, 0.0 | -144.95
0.0, -1.0, 0.0, -1.0, 1.1, 1.0, 0.0, -5.0, 0.0 | -131.55
0.0, -4.2, 0.0, 0.5, 2.2, 6.5, 0.0, -5.0, 0.0 | -132.65
0.1, -1.0, 0.0, -1.0, 2.0, 5.0, 0.0, -5.4, 0.0 | -140.4
0.1, -2.0, 0.0, 0.0, 3.0, 5.4, 0.0, -6.0, 0.0 | -140.1
0.0, -2.0, 0.0, 0.0, 3.2, 5.4, 0.0, -5.0, 0.0 | -132.05
0.0, -0.9, 0.0, 0.0, 0.3, 2.0, 0.0, -0.9, 0.0 | -135.25
0.0, -1.0, 0.0, 0.0, 0.0, 3.0, 0.0, -6.0, 0.0 | -137.0
0.0, -2.0, 0.0, 0.0, 2.1, 6.0, 0.0, -6.0, 0.0 | -131.45
0.0, -1.0, 0.0, 0.0, 3.0, 6.0, 0.0, -6.0, 0.0 | -130.25
0.0, -0.9, 0.0, 0.0, 0.35, 3.0, 0.0, -0.9, 0.0 | -148.0
0.0, -5.0, 0.0, 0.0, 3.2, 6.0, 0.0, -5.0, 0.0 | -131.3
0.0, -1.0, 0.0, -1.0, 2.0, 4.0, 0.0, -4.5, 0.0 | -131.2
0.0, -2.0, 0.0, 0.0, 2.0, 6.2, 0.0, -6.0, 0.0 | -141.05
0.0, -4.0, 0.0, 0.5, 2.2, 6.0, 0.0, -4.5, 0.0 | -136.4
0.0, -1.0, 0.0, 0.0, 0.5, 2.0, 0.0, -1.0, 0.0 | -139.45
0.0, -1.9, 0.0, 0.0, 1.0, 6.0, 0.0, -6.0, 0.0 | -130.65
0.0, -3.0, 0.0, 0.0, 2.0, 6.0, 0.0, -5.0, 0.0 | -141.7
0.0, -0.9, 0.0, 0.0, 1.4, 1.3, 0.0, -0.9, 0.0 | -147.45
0.1, -2.0, 0.0, 0.0, 2.0, 6.0, 0.0, -6.0, 0.0 | -152.25
0.0, -5.2, 0.0, 0.0, 2.5, 7.0, 0.0, -5.0, 0.0 | -134.45
0.0, -4.9, 0.0, 0.0, 2.5, 7.0, 0.0, -5.0, 0.0 | -132.3
0.2, -3.0, 0.0, 0.0, 2.6, 7.5, 0.0, -5.0, 0.0 | -144.4
0.0, -1.9, 0.0, 0.0, 3.2, 5.4, 0.0, -6.0, 0.0 | -133.45
0.0, -0.9, 0.0, 0.0, 0.4, 3.3, 0.0, -0.9, 0.0 | -134.6
0.0, -1.0, 0.0, -1.0, 3.2, 5.1, 0.0, -5.4, 0.0 | -134.8
0.0, -3.0, 0.0, 0.0, 0.0, 6.0, 0.0, -6.0, 0.0 | -134.65
0.0, -0.8, 0.0, -1.5, 1.2, 1.0, 0.0, -5.0, 0.0 | -130.8
0.0, -2.0, 0.0, -1.0, 3.0, 5.0, 0.0, -5.4, 0.0 | -131.35
0.0, 0.1, 0.0, 0.0, 0.4, 3.0, 0.0, 0.0, 0.0 | -147.2
0.0, -3.0, 0.0, 0.0, 3.0, 8.0, 0.0, -3.0, 0.0 | -136.05
0.0, -1.0, 0.0, -1.0, 2.0, 4.0, 0.0, -5.5, 0.0 | -141.1
0.0, -5.0, 0.0, 0.0, 2.0, 7.0, 0.0, -5.0, 0.0 | -133.2
0.0, -6.0, 0.0, 0.0, 1.0, 6.0, 0.0, -6.0, 0.0 | -132.55
0.0, -5.0, 0.0, 0.0, 2.0, 7.0, 0.0, -5.0, 0.0 | -140.85
0.0, -6.0, 0.0, 0.0, 2.0, 6.0, 0.0, -5.0, 0.0 | -153.05
0.0, -5.2, 0.0, 0.0, 2.0, 6.0, 0.0, -5.0, 0.0 | -135.75
0.0, -5.0, 0.0, 0.0, 2.2, 6.0, 0.0, -5.0, 0.0 | -137.85
0.0, -1.0, 0.0, -1.0, 2.0, 5.0, 0.0, -6.0, 0.0 | -141.25
0.0, -3.0, 0.0, 0.0, 2.7, 7.5, 0.0, -5.0, 0.0 | -135.75
0.0, -3.9, 0.0, 0.5, 2.3, 5.0, 0.0, -5.0, 0.0 | -132.9
0.0, -1.0, 0.0, -1.0, 3.0, 2.0, 0.0, -5.0, 0.0 | -131.6
0.0, -1.0, 0.0, 0.0, 0.45, 1.0, 0.0, -1.0, 0.0 | -136.75
0.0, -3.0, 0.0, 0.0, 2.6, 7.5, 0.0, -5.1, 0.0 | -139.95
0.1, -2.0, 0.0, 0.0, 2.1, 5.5, 0.0, -6.0, 0.0 | -152.45
0.0, -1.0, 0.0, -0.8, 1.5, 1.0, 0.0, -4.8, 0.0 | -134.3
0.0, -1.0, 0.0, 0.0, 0.6, 1.0, 0.0, -0.85, 0.0 | -135.6
0.0, -4.0, 0.0, 0.0, 2.55, 6.0, 0.0, -5.0, 0.0 | -132.05
0.0, -0.9, 0.0, 0.0, 0.7, 2.0, 0.0, -0.9, 0.0 | -136.4
0.0, -0.9, 0.0, 0.0, 1.3, 2.0, 0.0, -0.85, 0.0 | -131.7
0.0, -4.0, 0.0, 0.0, 2.5, 7.0, 0.0, -5.0, 0.0 | -135.95
0.0, -2.0, 0.0, 0.0, 0.0, 6.0, 0.5, -6.0, 0.5 | -143.1
0.0, -1.0, 0.0, 0.0, 0.4, 1.0, 0.0, -0.9, 0.0 | -134.7
0.0, -2.0, 0.0, 0.0, 0.5, 6.0, 0.0, -6.0, 0.0 | -138.2
0.0, -2.0, 0.0, 0.0, 2.1, 5.5, 0.0, -5.8, 0.0 | -132.7
0.0, -3.0, 0.0, 0.0, 3.4, 7.5, 0.0, -4.55, 0.0 | -135.2
0.1, -3.0, 0.0, 0.0, 2.6, 7.5, 0.0, -5.0, 0.0 | -131.35
0.0, -3.0, 0.0, 0.0, 3.4, 7.5, 0.0, -4.7, 0.0 | -141.75
0.0, -3.0, 0.0, 0.0, 3.6, 7.5, 0.0, -5.0, 0.0 | -143.9
0.0, -4.0, 0.0, 0.5, 2.3, 4.0, 0.0, -5.0, 0.0 | -135.05
0.0, -1.0, 0.0, -1.0, 3.0, 5.5, 0.0, -5.4, 0.0 | -131.0
0.0, -1.0, 0.0, -1.0, 2.0, 3.0, 0.0, -4.0, 0.0 | -134.7
0.0, -4.0, 0.0, 0.5, 2.3, 5.0, 0.0, -5.0, 0.0 | -136.45
0.0, -4.0, 0.0, 0.0, 2.2, 6.0, 0.0, -5.0, 0.0 | -132.85
0.0, -4.0, 0.0, 0.5, 3.6, 5.1, 0.0, -5.0, 0.0 | -136.15
0.0, -1.0, 0.0, -1.0, 2.5, 4.0, 0.0, -6.0, 0.0 | -130.9
0.0, -4.0, 0.0, 0.5, 2.2, 5.0, 0.0, -5.0, 0.0 | -141.8
0.0, -4.2, 0.0, 0.4, 2.2, 6.0, 0.0, -5.0, 0.0 | -137.9
0.0, -1.0, 0.0, -1.0, 1.5, 1.2, 0.0, -5.0, 0.0 | -141.4
0.0, -4.0, 0.0, 0.0, 2.45, 6.0, 0.0, -5.0, 0.0 | -136.2
0.0, -0.9, 0.0, 0.0, 0.35, 2.0, 0.0, -0.8, 0.0 | -130.2
0.0, -2.0, 0.0, 0.0, 0.0, 6.0, 0.0, -6.0, 0.0 | -147.55
0.0, -2.0, 0.0, 0.0, 2.0, 6.0, 0.0, -5.0, 0.0 | -133.65
0.0, -2.0, 0.0, 0.0, 3.2, 5.4, 0.0, -6.0, 0.0 | -129.9
0.0, -1.0, 0.0, 0.0, 0.5, 0.95, 0.0, -0.9, 0.0 | -144.85
0.0, -6.0, 0.0, 0.0, 2.0, 6.0, 0.0, -5.0, 0.0 | -130.6
0.0, -2.5, 0.0, 0.0, 2.5, 7.0, 0.0, -5.0, 0.0 | -131.5
0.0, -0.9, 0.0, 1.0, 0.4, 2.0, 0.0, -0.9, 0.0 | -137.9
0.0, -1.0, 0.0, 0.0, 0.5, 1.0, 0.0, -2.0, 0.0 | -141.25
0.0, -1.0, 0.0, -1.0, 1.4, 1.0, 0.0, -5.0, 0.0 | -133.8
0.0, -1.0, 0.0, -1.0, 1.8, 5.0, 0.0, -5.4, 0.0 | -132.5
0.0, -4.0, 0.0, 0.5, 2.3, 5.8, 0.0, -5.0, 0.0 | -134.45
0.0, -4.2, 0.0, 0.5, 2.2, 5.0, 0.0, -5.0, 0.0 | -139.35
0.0, -3.0, 0.0, 0.0, 3.7, 7.5, 0.0, -5.0, 0.0 | -137.2
0.0, -1.0, 0.0, -1.0, 2.0, 4.0, 0.0, -5.9, 0.0 | -130.0
0.0, -2.0, 0.0, 0.0, 3.2, 5.4, 0.0, -6.0, 0.0 | -137.8
0.0, -1.0, 0.0, -1.0, 2.2, 5.0, 0.0, -5.4, 0.0 | -134.15
0.0, -3.0, 0.0, 0.0, 3.4, 7.5, 0.0, -4.6, 0.0 | -138.2
0.0, -1.9, 0.0, 0.0, 2.1, 5.5, 0.0, -6.0, 0.0 | -133.0
0.0, -1.0, 0.0, 0.0, 2.1, 5.5, 0.0, -6.0, 0.0 | -133.95
0.0, -1.0, 0.0, -1.0, 2.0, 5.4, 0.0, -5.6, 0.0 | -137.25
0.0, -1.0, 0.0, -1.0, 1.6, 1.1, 0.0, -4.9, 0.0 | -130.8
0.0, -5.2, 0.0, 0.0, 2.2, 6.0, 0.0, -5.0, 0.0 | -130.35
0.0, -4.2, 0.0, 0.48, 2.2, 6.0, 0.0, -5.0, 0.0 | -142.25
0.0, -2.0, 0.0, 0.0, 2.1, 5.5, 0.0, -5.0, 0.0 | -138.9
0.0, -4.0, 0.0, 0.6, 2.3, 5.0, 0.0, -5.0, 0.0 | -136.85
0.0, -1.1, 0.0, 0.0, 0.6, 1.0, 0.0, -0.9, 0.0 | -151.4
0.0, -3.9, 0.0, 0.0, 2.5, 7.0, 0.0, -5.0, 0.0 | -134.4
0.0, -4.0, 0.0, 0.5, 2.6, 5.0, 0.0, -5.0, 0.0 | -141.4
0.0, -1.0, 0.0, -1.0, 0.8, 0.8, 0.0, -5.0, 0.0 | -133.5
0.0, -2.0, 0.0, 0.0, 3.2, 5.2, 0.0, -6.0, 0.0 | -138.5
0.0, -1.0, 0.0, -1.0, 2.0, 2.0, 0.0, -4.0, 0.0 | -141.9
0.0, -1.9, 0.0, 0.0, 0.1, 5.8, 0.0, -6.0, 0.0 | -132.25
0.0, -6.0, 0.0, 0.0, 1.2, 5.5, 0.0, -5.0, 0.0 | -147.7
0.0, -4.2, 0.0, 0.5, 2.2, 6.0, 0.0, -5.0, 0.0 | -142.9
0.0, -1.0, 0.0, -1.0, 2.5, 5.0, 0.0, -6.0, 0.0 | -139.25
0.1, -1.0, 0.0, -1.0, 3.0, 5.0, 0.0, -5.4, 0.0 | -130.75
0.0, -2.3, 0.0, 0.0, 2.1, 5.5, 0.0, -6.0, 0.0 | -143.5
0.0, -4.0, 0.0, 0.0, 2.6, 6.0, 0.0, -5.0, 0.0 | -140.35
0.0, -5.1, 0.0, 0.0, 2.4, 6.0, 0.0, -5.0, 0.0 | -134.1
0.0, -2.0, 0.0, 0.0, 3.2, 5.4, 0.0, -5.8, 0.0 | -131.35
0.0, -4.0, 0.0, 0.5, 2.3, 5.1, 0.0, -5.0, 0.0 | -131.5
0.0, -3.0, 0.0, 0.0, 3.38, 7.48, 0.0, -4.48, 0.0 | -134.8
0.0, -1.0, 0.0, -2.0, 1.0, 1.0, 0.0, -5.0, 0.0 | -134.2
0.0, -1.0, 0.0, -1.0, 2.5, 3.5, 0.0, -4.5, 0.0 | -139.0
0.1, -1.9, 0.0, 0.0, 0.0, 6.0, 0.0, -6.0, 0.0 | -151.75
0.0, -4.0, 0.0, 0.5, 2.1, 6.0, 0.0, -5.0, 0.0 | -138.25
0.0, -4.2, 0.0, 0.5, 2.2, 5.5, 0.0, -5.0, 0.0 | -130.35
0.0, -1.0, 0.0, 0.0, 0.5, 1.3, 0.0, -0.9, 0.0 | -131.3
0.0, -3.0, 0.0, 0.0, 2.8, 7.0, 0.0, -5.0, 0.0 | -134.6
0.0, -4.2, 0.0, 0.6, 2.2, 6.0, 0.0, -5.0, 0.0 | -135.1
0.0, -0.9, 0.0, 0.0, 1.4, 1.3, 0.0, -0.9, 0.0 | -131.9
0.0, -2.0, 0.0, 0.0, 1.9, 5.5, 0.0, -6.0, 0.0 | -124.1
0.0, -1.0, 0.0, -1.0, 2.0, 4.3, 0.0, -5.8, 0.0 | -124.05
0.0, -1.0, 0.0, -1.0, 2.5, 4.0, 0.0, -6.0, 0.0 | -125.75
0.0, -1.0, 0.0, -0.9, 3.0, 5.0, 0.0, -5.4, 0.0 | -120.8
0.0, -2.0, 0.0, 0.0, 2.1, 5.4, 0.0, -6.0, 0.0 | -123.8
0.0, -1.0, 0.0, 0.0, 0.0, 2.0, 0.0, -6.0, 0.0 | -124.6
0.0, -1.0, 0.0, -1.0, 1.5, 1.0, 0.0, -5.0, 0.0 | -110.6
0.0, -4.0, 0.0, 0.5, 2.4, 5.5, 0.0, -4.0, 0.0 | -121.45
0.0, -3.5, 0.0, 0.0, 2.5, 6.0, 0.0, -5.0, 0.0 | -127.35
0.0, -1.0, 0.0, -1.0, 3.0, 5.0, 0.0, -6.0, 0.0 | -127.65
0.0, -1.85, 0.0, 0.0, 0.0, 6.0, 0.0, -6.0, 0.0 | -128.9
0.0, -4.1, 0.0, 0.5, 2.2, 6.0, 0.0, -5.0, 0.0 | -122.6
0.0, -1.0, 0.0, -1.0, 2.0, 4.0, 0.0, -4.8, 0.0 | -113.2
0.0, -0.9, 0.0, -1.0, 2.0, 4.0, 0.0, -5.8, 0.0 | -122.65
0.0, -4.2, 0.0, 0.5, 2.4, 5.0, 0.0, -5.0, 0.0 | -123.6
0.0, -2.3, 0.0, 0.0, 2.1, 5.3, 0.0, -6.0, 0.0 | -128.65
0.0, -1.0, 0.0, -1.0, 1.2, 0.9, 0.0, -5.0, 0.0 | -127.3
0.0, -3.0, 0.0, 0.0, 2.6, 8.5, 0.0, -5.0, 0.0 | -127.25
0.0, -1.0, 0.0, -1.0, 1.0, 1.0, 0.0, -4.0, 0.0 | -126.9
0.0, -3.0, 0.0, 0.0, 3.4, 7.2, 0.0, -4.6, 0.0 | -126.05
0.0, -3.0, 0.0, 0.0, 3.5, 7.5, 0.0, -4.5, 0.0 | -124.05
0.0, -3.0, 0.0, 0.0, 3.4, 7.5, 0.0, -4.5, 0.0 | -122.1
0.0, -1.0, 0.0, -1.0, 2.0, 5.0, 0.0, -5.8, 0.0 | -125.3
0.0, -1.0, 0.0, -1.0, 2.2, 4.0, 0.0, -6.0, 0.0 | -126.5
0.0, -4.0, 0.0, 0.0, 2.5, 5.5, 0.0, -5.0, 0.0 | -126.5
0.0, -4.2, 0.0, 0.5, 2.2, 6.0, 0.0, -6.0, 0.0 | -126.9
0.0, -5.0, 0.0, 0.0, 3.0, 6.0, 0.0, -5.0, 0.0 | -125.75
0.0, -4.0, 0.0, 0.5, 2.3, 5.0, 0.0, -5.5, 0.0 | -120.7
0.0, -4.2, 0.0, 0.5, 3.2, 6.0, 0.0, -5.0, 0.0 | -126.95
0.0, -2.9, 0.0, 0.0, 2.6, 7.5, 0.0, -5.0, 0.0 | -129.4
0.0, -4.3, 0.0, 0.5, 2.6, 6.0, 0.0, -4.0, 0.0 | -128.55
0.0, -1.0, 0.0, 0.0, -1.0, 6.0, 0.0, -6.0, 0.0 | -128.35
0.0, -4.0, 0.0, 0.0, 2.5, 6.9, 0.0, -5.0, 0.0 | -126.8
0.0, -1.0, 0.0, 0.0, 0.6, 1.0, 0.0, -0.9, 0.0 | -112.65
0.0, -5.0, 0.0, 0.0, 2.5, 7.5, 0.0, -5.0, 0.0 | -123.9
0.0, -1.0, 0.0, 0.0, 0.0, 6.0, 0.0, -6.0, 0.0 | -113.1
0.0, -0.9, 0.0, 0.0, 0.6, 2.0, 0.0, -0.9, 0.0 | -115.5
0.0, -1.0, 0.0, -1.0, 2.1, 5.0, 0.0, -5.4, 0.0 | -120.7
0.0, -4.0, 0.0, 0.5, 2.3, 4.5, 0.0, -5.0, 0.0 | -120.6
0.0, -2.0, 0.0, 0.0, 0.0, 3.0, 0.0, -6.0, 0.0 | -127.8
0.0, -2.1, 0.0, 0.0, 2.1, 6.0, 0.0, -6.0, 0.0 | -124.1
0.0, -2.0, 0.0, 0.0, 2.5, 6.0, 0.0, -6.0, 0.0 | -123.6
0.0, -1.0, 0.0, -1.0, 2.0, 5.0, 0.0, -5.8, 0.0 | -129.4
0.0, -3.0, 0.0, 0.0, 3.2, 7.2, 0.0, -6.0, 0.0 | -125.7
0.0, -0.8, 0.0, -1.0, 2.0, 5.0, 0.0, -5.4, 0.0 | -129.7
0.0, -2.0, 0.0, 0.0, 0.0, 6.0, 0.0, -3.0, 0.0 | -126.85
0.0, -1.0, 0.0, -1.0, 2.0, 1.0, 0.0, -5.0, 0.0 | -129.5
0.0, -1.0, 0.0, -1.0, 2.0, 1.0, 0.0, -5.0, 0.0 | -126.95
0.0, -3.0, 0.0, 0.0, 3.6, 7.5, 0.0, -4.0, 0.0 | -125.85
0.0, -0.9, 0.0, 0.0, 1.4, 2.0, 0.0, -0.9, 0.0 | -124.1
0.0, -1.0, 0.0, -1.0, 2.0, 4.8, 0.0, -5.4, 0.0 | -125.75
0.0, -1.9, 0.0, 0.0, 0.5, 6.0, 0.0, -6.0, 0.0 | -129.45
0.0, -2.0, 0.0, 0.0, 2.0, 6.0, 0.0, -6.0, 0.0 | -117.4
0.0, -3.0, 0.0, 0.0, 3.4, 7.6, 0.0, -4.5, 0.0 | -124.75
0.0, -1.0, 0.0, -1.0, 2.0, 0.5, 0.0, -5.0, 0.0 | -121.25
0.0, -2.0, 0.0, 0.0, 2.1, 5.6, 0.0, -5.0, 0.0 | -126.5
0.0, -0.8, 0.0, 0.0, 0.3, 1.5, 0.0, -0.8, 0.0 | -129.75
0.0, -2.0, 0.0, 0.0, 2.1, 5.6, 0.0, -6.0, 0.0 | -127.45
0.0, -1.0, 0.0, -1.0, 2.0, 3.3, 0.0, -6.0, 0.0 | -129.05
0.0, -1.0, 0.0, -1.0, 2.0, 4.0, 0.0, -5.7, 0.0 | -128.05
0.0, -3.1, 0.0, 0.0, 3.6, 7.5, 0.0, -5.0, 0.0 | -123.3
0.0, -1.0, 0.0, -1.0, 2.1, 3.1, 0.0, -5.0, 0.0 | -122.0
0.0, -4.2, 0.0, 0.44, 2.2, 6.0, 0.0, -5.0, 0.0 | -122.1
0.0, -4.0, 0.0, 0.5, 2.7, 5.2, 0.0, -5.0, 0.0 | -128.15
0.0, -1.0, 0.0, -0.9, 2.0, 5.0, 0.0, -5.2, 0.0 | -121.05
0.0, -2.8, 0.0, 0.0, 2.5, 7.0, 0.0, -5.0, 0.0 | -129.15
0.0, -1.0, 0.0, 0.0, 1.5, 1.0, 0.0, -0.9, 0.0 | -129.35
0.0, -2.0, 0.0, 0.0, 1.0, 6.0, 0.0, -6.0, 0.0 | -123.85
0.0, -4.2, 0.0, 0.4, 2.2, 6.0, 0.0, -5.2, 0.0 | -125.05
0.0, -4.0, 0.0, 0.0, 2.5, 6.0, 0.0, -5.0, 0.0 | -117.85
0.0, -1.0, 0.0, -1.0, 2.0, 5.2, 0.0, -5.4, 0.0 | -124.4
0.0, -3.2, 0.0, 0.0, 2.6, 7.5, 0.0, -5.0, 0.0 | -128.25
0.0, -4.2, 0.0, 0.0, 2.2, 6.0, 0.0, -5.0, 0.0 | -118.15
0.0, -2.0, 0.0, 0.0, 3.0, 5.0, 0.0, -6.0, 0.0 | -124.15
0.0, -2.0, 0.0, 0.0, 3.2, 6.4, 0.0, -6.0, 0.0 | -129.35
0.0, -3.0, 0.0, 0.0, 2.5, 7.5, 0.0, -5.0, 0.0 | -118.6
0.0, -3.0, 0.0, 0.0, 3.45, 7.45, 0.0, -4.45, 0.0 | -118.9
0.0, -1.0, 0.0, -1.0, 2.5, 1.0, 0.0, -5.0, 0.0 | -126.05
0.0, -5.5, 0.0, 0.0, 2.2, 6.0, 0.0, -5.0, 0.0 | -124.9
0.0, -2.0, 0.0, 0.0, 2.0, 5.4, 0.0, -6.0, 0.0 | -117.7
0.0, -2.0, 0.0, 0.0, 2.1, 5.6, 0.0, -6.0, 0.0 | -121.4
0.0, -5.2, 0.0, 0.0, 2.2, 6.0, 0.0, -6.0, 0.0 | -125.85
0.0, -1.0, 0.0, -1.0, 2.0, 4.0, 0.0, -5.8, 0.0 | -112.75
0.0, -0.9, 0.0, 0.0, 0.3, 2.0, 0.0, -0.9, 0.0 | -126.45
0.0, -1.0, 0.0, -1.0, 0.5, 1.0, 0.0, -0.9, 0.0 | -126.55
0.0, -1.0, 0.0, -1.0, 2.0, 1.0, 0.0, -5.0, 0.0 | -121.05
0.0, -1.0, 0.0, 0.0, 1.5, 1.0, 0.0, -1.0, 0.0 | -118.75
0.0, -2.0, 0.0, 0.0, 3.1, 5.4, 0.0, -6.0, 0.0 | -123.05
0.0, -3.0, 0.0, 0.0, 3.4, 7.5, 0.0, -3.5, 0.0 | -128.4
0.0, -3.0, 0.0, 0.1, 3.4, 7.5, 0.0, -4.6, 0.0 | -123.15
0.0, -3.9, 0.0, 0.5, 2.2, 6.0, 0.0, -5.0, 0.0 | -129.5
0.0, -0.9, 0.0, 0.0, 0.3, 2.0, 0.0, -0.9, 0.0 | -125.5
0.0, -3.8, 0.0, 0.5, 2.2, 6.0, 0.0, -5.0, 0.0 | -129.45
0.0, -2.0, 0.0, 0.0, 2.0, 5.5, 0.0, -6.0, 0.0 | -129.8
0.0, -1.0, 0.0, -1.0, 3.0, 6.0, 0.0, -5.4, 0.0 | -122.25
0.0, -1.9, 0.0, 0.0, 0.5, 6.0, 0.0, -6.0, 0.0 | -117.75
0.0, -0.9, 0.0, 0.0, 0.5, 1.3, 0.0, -0.9, 0.0 | -121.9
0.0, -2.0, 0.0, 0.0, 2.2, 5.5, 0.0, -6.0, 0.0 | -128.65
0.0, -3.0, 0.0, 0.0, 3.4, 7.6, 0.0, -4.6, 0.0 | -127.7
0.0, -1.0, 0.0, -1.0, 2.0, 4.2, 0.0, -4.8, 0.0 | -123.75
0.0, -1.0, 0.0, -1.0, 2.2, 1.0, 0.0, -5.0, 0.0 | -128.25
0.0, -5.0, 0.0, 1.0, 2.5, 6.0, 0.0, -5.0, 0.0 | -128.3
0.0, -1.0, 0.0, 0.0, 2.0, 6.0, 0.0, -6.0, 0.0 | -121.85
0.0, -3.0, 0.0, 0.0, 3.4, 8.0, 0.0, -4.5, 0.0 | -122.4
0.0, -1.0, 0.0, 0.0, 0.5, 6.0, 0.0, -6.0, 0.0 | -126.15
0.0, -5.0, 0.0, 0.0, 3.0, 7.0, 0.0, -5.0, 0.0 | -123.3
0.0, -3.0, 0.0, 0.0, 3.4, 7.4, 0.0, -4.5, 0.0 | -120.7
0.0, -4.0, 0.0, 0.5, 2.5, 5.0, 0.0, -4.5, 0.0 | -129.15
0.0, -5.0, 0.0, -6.0, 1.0, 6.0, 0.0, -5.0, 0.0 | -125.65
0.0, -1.0, 0.0, -1.0, 2.0, 5.2, 0.0, -4.8, 0.0 | -126.0
0.0, -3.5, 0.0, 0.0, 2.7, 6.0, 0.0, -5.0, 0.0 | -124.05
0.0, -3.0, 0.0, 0.0, 2.6, 7.4, 0.0, -5.0, 0.0 | -125.65
0.0, -4.2, 0.0, 0.0, 2.5, 6.0, 0.0, -5.0, 0.0 | -128.95
0.0, -3.2, 0.0, 0.0, 2.6, 7.5, 0.0, -5.0, 0.0 | -125.55
0.0, -5.0, 0.0, 0.0, 2.4, 6.0, 0.0, -5.0, 0.0 | -121.4
0.0, -1.0, 0.0, -0.9, 2.0, 5.0, 0.0, -5.5, 0.0 | -127.65
0.0, -4.2, 0.0, 0.4, 2.2, 6.0, 0.0, -5.0, 0.0 | -128.9
0.0, -0.9, 0.0, 0.0, 0.6, 2.1, 0.0, -0.9, 0.0 | -124.6
0.0, -1.0, 0.0, 0.0, 0.65, 1.0, 0.0, -0.9, 0.0 | -129.0
0.0, -3.0, 0.0, 0.0, 3.6, 7.5, 0.0, -4.8, 0.0 | -128.95
0.0, -4.2, 0.0, 0.5, 2.4, 6.0, 0.0, -5.0, 0.0 | -125.15
0.0, -5.0, 0.0, 0.0, 2.8, 6.0, 0.0, -5.0, 0.0 | -126.05
0.0, -1.0, 0.0, -1.0, 2.0, 4.0, 0.0, -5.7, 0.0 | -126.1
0.0, -1.0, 0.0, 0.0, 0.0, 6.0, 0.0, -2.0, 0.0 | -127.75
0.0, -1.0, 0.0, -0.9, 1.5, 1.0, 0.0, -5.0, 0.0 | -123.05
0.0, -4.0, 0.0, 0.5, 2.4, 5.0, 0.0, -5.0, 0.0 | -122.65
0.0, -1.0, 0.0, -1.0, 2.0, 4.0, 0.0, -5.9, 0.0 | -127.05
0.0, -3.0, 0.0, 0.0, 5.5, 5.5, 0.0, -5.0, 0.0 | -122.85
0.0, -5.0, 0.0, 0.0, 2.5, 6.0, 0.0, -5.0, 0.0 | -119.05
0.0, -0.8, 0.0, 0.0, 0.6, 2.0, 0.0, -0.9, 0.0 | -126.3
