0.2, 5.8, 0.5, 2.2, 0.0 | 1000.0
0.0, 5.0, 0.5, 2.7, 0.0 | 1000.0
0.2, 5.9, 0.6, 2.4, 0.0 | 1000.0
0.3, 6.0, 0.5, 1.7, 0.0 | 1000.0
0.4, 5.6, 0.9, 2.4, 0.0 | 1000.0
0.3, 5.6, 0.6, 2.2, 0.0 | 1000.0
0.9, 5.8, 0.5, 2.2, 0.0 | 1000.0
0.0, 5.6, 0.5, 2.3, 0.0 | 1000.0
0.1, 6.0, 0.5, 1.7, 0.0 | 1000.0
0.2, 6.0, 1.8, 2.7, 0.0 | 1000.0
0.0, 6.0, 0.0, 1.6, 0.0 | 240.95
-1.0, 5.0, -1.0, 2.0, 0.0 | 70.9
0.2, 5.8, 0.6, 2.5, 0.0 | 1000.0
-0.3, 5.5, 0.5, 2.0, 0.0 | 230.1
0.8, 6.0, 0.5, 2.7, 0.0 | 1000.0
-0.2, 5.7, 0.5, 2.6, 0.0 | 271.85
0.9, 5.6, 0.5, 2.2, 0.0 | 909.75
0.2, 5.7, 0.3, 1.7, 0.0 | 1000.0
1.0, 5.5, 0.5, 2.7, 0.0 | 448.3
-0.5, 5.8, 0.5, 2.2, 0.0 | 203.6
0.2, 5.9, 0.3, 1.7, 0.0 | 1000.0
0.8, 5.9, 0.5, 1.7, 0.0 | 1000.0
0.5, 5.8, 0.6, 2.2, 0.0 | 1000.0
-0.2, 5.6, 0.5, 2.0, 0.0 | 273.8
0.0, 5.5, 0.4, 2.2, 0.0 | 1000.0
0.2, 6.0, 0.5, 2.2, 0.0 | 1000.0
0.2, 6.0, 0.1, 1.7, 0.0 | 1000.0
2.0, 5.5, 0.5, 2.2, 0.0 | 206.1
0.6, 5.9, 0.5, 2.0, 0.0 | 1000.0
0.6, 5.7, 0.6, 2.2, 0.0 | 1000.0
0.9, 5.9, 0.5, 2.7, 0.0 | 791.6
0.3, 5.5, 0.7, 2.0, 0.0 | 1000.0
0.7, 5.6, 0.6, 2.0, 0.0 | 1000.0
0.1, 5.5, 0.6, 2.2, 0.0 | 1000.0
0.5, 5.9, 0.6, 2.7, 0.0 | 1000.0
0.0, 6.0, 0.5, 3.0, 0.0 | 111.35
0.5, 6.0, 0.4, 1.7, 0.0 | 1000.0
1.0, 5.8, 0.6, 2.3, 0.0 | 999.95
0.0, 5.6, 2.0, 3.5, 0.0 | 1000.0
1.0, 5.9, 0.7, 2.7, 0.0 | 1000.0
2.0, 5.0, 0.5, 2.0, 0.0 | 183.55
0.0, 6.0, 0.2, 1.7, 0.0 | 536.0
0.1, 5.5, 0.7, 2.3, 0.0 | 1000.0
0.1, 6.0, 0.0, 1.7, 0.0 | 934.85
1.2, 5.8, 0.5, 2.2, 0.0 | 473.1
0.2, 5.2, 0.5, 2.1, 0.0 | 1000.0
0.2, 6.0, 0.0, 1.7, 0.0 | 728.45
0.2, 5.0, 0.5, 2.2, 0.0 | 1000.0
0.9, 5.7, 0.5, 2.3, 0.0 | 896.15
0.0, 6.0, 0.5, 1.7, 0.0 | 1000.0
0.0, 5.9, 0.5, 2.2, 0.0 | 1000.0
0.9, 5.6, 0.6, 2.7, 0.0 | 914.15
0.3, 5.5, 0.5, 2.7, 0.0 | 1000.0
0.2, 5.5, 0.5, 2.5, 0.0 | 1000.0
0.0, 5.7, 0.5, 2.0, 0.0 | 1000.0
0.2, 6.0, 0.5, 1.7, 0.0 | 1000.0
0.9, 6.0, 0.5, 1.7, 0.0 | 1000.0
0.8, 5.5, 0.6, 2.2, 0.0 | 1000.0
0.7, 6.0, 0.3, 1.7, 0.0 | 1000.0
0.9, 5.6, 0.6, 2.2, 0.0 | 1000.0
-2.0, 4.0, -5.0, 4.0, 0.0 | 12.95
0.2, 6.0, 0.0, 1.9, 0.0 | 697.2
4.0, 6.0, 2.0, 1.7, 0.0 | 106.4
0.6, 6.0, 0.2, 1.7, 0.0 | 971.15
2.0, 6.0, 0.5, 1.7, 0.0 | 239.15
-0.5, -5.0, -0.5, -5.0, 0.0 | 4.5
2.0, 5.5, 0.5, 2.2, 0.0 | 205.6
-1.5, 6.0, -1.0, 2.0, 0.0 | 75.85
0.0, 5.0, 1.8, 2.7, 0.0 | 1000.0
0.2, 6.0, 0.3, 1.7, 0.0 | 1000.0
0.9, 6.0, 0.3, 1.7, 0.0 | 729.2
0.1, 5.6, 0.5, 2.1, 0.0 | 1000.0
0.9, 5.9, 0.6, 2.2, 0.0 | 1000.0
0.1, 5.6, 0.7, 2.2, 0.0 | 1000.0
0.0, 6.0, -1.0, 2.0, 0.0 | 98.8
0.2, 6.0, 0.0, 2.0, -0.5 | 45.8
0.3, 5.6, 0.5, 2.2, 0.0 | 1000.0
0.1, 6.0, 0.0, 1.7, 0.0 | 975.45
1.0, 5.0, 0.5, 2.7, 0.0 | 384.1
0.5, 5.4, 0.5, 2.2, 0.0 | 1000.0
0.0, 5.8, 0.5, 2.7, 0.0 | 1000.0
0.0, 5.0, 0.5, 2.2, 0.0 | 1000.0
0.3, 5.9, 0.5, 2.0, 0.0 | 1000.0
0.5, 5.6, 0.5, 1.7, 0.0 | 1000.0
0.0, 5.1, 0.5, 2.2, 0.0 | 1000.0
0.5, 5.8, 0.6, 1.7, 0.0 | 1000.0
0.2, 6.0, 0.0, 2.1, 0.0 | 633.5
-1.0, 6.0, 0.0, 2.0, 0.0 | 117.65
0.0, 6.0, 0.4, 1.7, 0.0 | 996.85
0.0, 6.0, 0.8, 1.7, 0.0 | 1000.0
0.2, 5.6, 0.5, 2.7, 0.0 | 1000.0
0.9, 5.9, 0.5, 2.2, 0.0 | 1000.0
0.0, 5.5, 0.5, 2.0, 0.0 | 1000.0
0.2, 6.0, 0.4, 1.7, 0.0 | 1000.0
0.6, 5.9, 0.3, 1.7, 0.0 | 1000.0
0.0, 5.8, 0.6, 2.2, 0.0 | 1000.0
1.0, 5.5, 0.5, 2.2, 0.0 | 589.05
0.5, 5.5, 0.6, 2.7, 0.0 | 1000.0
0.4, 5.6, 0.5, 2.0, 0.0 | 1000.0
0.6, 5.6, 0.5, 2.3, 0.0 | 1000.0
0.0, 5.5, 0.8, 2.2, 0.0 | 1000.0
0.4, 6.0, 0.0, 2.0, 0.0 | 472.9
0.2, 5.7, 1.0, 2.5, 0.0 | 1000.0
-1.0, 6.0, 0.5, 1.7, 0.0 | 132.1
0.4, 5.6, 0.9, 2.9, 0.0 | 1000.0
-0.2, 5.5, 0.5, 2.7, 0.0 | 279.5
1.1, 6.0, 0.5, 2.2, 0.0 | 644.5
0.5, 5.7, 0.5, 2.2, 0.0 | 1000.0
0.1, 6.0, 0.0, 1.8, 0.0 | 926.65
0.2, 6.0, 0.1, 1.7, 0.0 | 1000.0
0.7, 5.6, 0.5, 2.0, 0.0 | 1000.0
0.0, 5.8, 0.7, 2.2, 0.0 | 1000.0
0.4, 5.9, 0.5, 1.7, 0.0 | 1000.0
0.4, 6.0, 0.1, 1.7, 0.0 | 917.75
1.2, 5.8, 0.6, 2.3, 0.0 | 581.15
0.5, 6.0, 0.2, 1.7, 0.0 | 1000.0
0.2, 5.3, 0.5, 1.7, 0.0 | 1000.0
0.4, 5.9, 0.6, 2.7, 0.0 | 1000.0
1.0, 6.0, 0.6, 1.7, 0.0 | 1000.0
0.7, 5.6, 0.6, 2.2, 0.0 | 1000.0
0.5, 6.0, 0.6, 1.7, 0.5 | 59.55
0.3, 6.0, 0.4, 1.7, 0.0 | 1000.0
-0.2, 5.6, 0.5, 2.3, 0.0 | 298.65
0.0, 5.0, 0.5, 2.2, 0.0 | 1000.0
0.6, 5.8, 1.2, 3.0, 0.0 | 1000.0
0.2, 5.7, 0.6, 2.7, 0.0 | 1000.0
0.6, 5.5, 0.6, 2.7, 0.0 | 1000.0
0.0, 5.9, 0.6, 2.2, 0.0 | 1000.0
0.0, 6.0, -2.0, 3.0, 0.0 | 27.5
0.1, 5.4, 0.5, 2.2, 0.0 | 1000.0
0.1, 5.8, 0.6, 2.2, 0.0 | 1000.0
0.4, 5.6, 0.5, 1.7, 0.0 | 1000.0
0.2, 6.0, 0.4, 1.7, 0.0 | 1000.0
0.2, 6.0, 0.8, 2.7, 0.0 | 1000.0
0.5, 5.9, 0.5, 2.4, 0.0 | 1000.0
0.0, 5.5, 1.5, 2.2, 0.0 | 1000.0
0.0, 5.6, 0.6, 2.2, 0.0 | 1000.0
0.2, 5.6, 0.6, 2.1, 0.0 | 1000.0
0.6, 5.7, 0.9, 2.2, 0.0 | 1000.0
0.1, 5.5, 0.5, 2.0, 0.0 | 1000.0
0.9, 5.8, 0.5, 2.3, 0.0 | 966.0
1.0, 5.6, 0.5, 2.2, 0.0 | 661.15
1.0, 6.0, 0.7, 1.7, 0.0 | 1000.0
-0.5, 6.0, -1.0, 2.0, 0.0 | 101.9
0.6, 5.5, 0.5, 2.7, 0.0 | 1000.0
0.5, 5.9, 0.5, 2.2, 0.0 | 1000.0
0.5, 5.9, 0.5, 2.2, 0.0 | 1000.0
0.0, 5.6, 0.5, 2.1, 0.0 | 1000.0
0.5, 5.8, 0.5, 2.2, 0.5 | 54.65
0.9, 6.0, 0.2, 1.7, 0.0 | 483.05
0.2, 5.8, 0.6, 2.7, 0.0 | 1000.0
0.6, 5.6, 0.7, 2.2, 0.0 | 1000.0
0.0, 5.6, 0.6, 2.3, 0.0 | 1000.0
0.0, 5.7, 0.5, 2.2, 0.0 | 1000.0
1.3, 6.0, 0.5, 1.7, 0.0 | 694.5
0.8, 6.0, 0.3, 1.7, 0.0 | 970.7
0.2, 5.7, 0.5, 2.2, 0.0 | 1000.0
0.9, 6.0, 0.6, 1.7, 0.0 | 1000.0
1.5, 5.5, 0.5, 2.2, 0.0 | 306.0
0.1, 6.0, 0.4, 1.7, 0.0 | 1000.0
-0.5, 6.0, 0.0, 2.0, 0.0 | 140.3
0.1, 5.6, 0.5, 2.2, 0.0 | 1000.0
0.6, 6.0, 0.4, 1.7, 0.0 | 1000.0
-1.0, 5.0, -0.5, -2.0, 0.0 | 7.45
0.0, 6.0, 0.2, 1.7, 0.0 | 547.65
0.1, 5.8, 0.4, 2.2, 0.0 | 1000.0
0.0, 6.0, 0.0, 1.7, 0.0 | 246.0
0.2, 5.8, 0.6, 2.3, 0.0 | 1000.0
0.0, 6.0, 0.0, 2.0, 0.0 | 244.45
1.2, 5.5, 0.5, 2.2, 0.0 | 396.5
0.1, 6.0, -0.1, 1.7, 0.0 | 440.25
0.0, 5.3, 0.6, 2.0, 0.0 | 1000.0
0.8, 6.0, 0.5, 1.7, 0.0 | 1000.0
0.0, 5.4, 0.5, 2.0, 0.0 | 1000.0
0.2, 6.0, 0.2, 1.7, 0.0 | 1000.0
0.2, 5.2, 1.0, 2.3, 0.0 | 1000.0
0.4, 5.3, 0.6, 1.7, 0.0 | 1000.0
0.0, 5.5, 0.6, 2.5, 0.0 | 1000.0
1.3, 5.4, 0.5, 2.2, 0.0 | 333.7
0.1, 6.0, 0.7, 1.7, 0.0 | 1000.0
1.0, 5.0, 0.5, 2.2, 0.0 | 431.3
0.8, 5.9, 0.5, 2.2, 0.0 | 1000.0
0.2, 5.8, 0.3, 1.7, 0.0 | 1000.0
0.9, 5.6, 0.5, 2.4, 0.0 | 782.5
0.0, 6.0, 0.5, 1.7, 0.0 | 1000.0
0.0, 5.5, 1.0, 2.2, 0.0 | 1000.0
0.0, 5.3, 0.5, 2.2, 0.0 | 1000.0
0.6, 5.8, 0.5, 2.2, 0.0 | 1000.0
0.0, 5.8, 1.0, 3.0, 0.0 | 1000.0
0.4, 6.0, 0.6, 1.7, 0.0 | 1000.0
0.2, 5.2, 0.5, 1.7, 0.0 | 1000.0
0.0, 5.5, 0.5, 2.2, 0.0 | 1000.0
0.2, 6.0, 0.5, 1.7, 0.0 | 1000.0
1.1, 6.0, 0.6, 1.7, 0.0 | 1000.0
0.0, 5.6, 0.5, 2.0, 0.0 | 1000.0
-2.0, 5.0, -4.0, 4.0, 0.0 | 20.05
0.8, 5.8, 0.5, 1.7, 0.0 | 1000.0
0.1, 5.7, 0.6, 2.2, 0.0 | 1000.0
0.8, 5.0, 0.8, 2.7, 0.0 | 1000.0
0.4, 5.7, 0.7, 2.2, 0.0 | 1000.0
0.4, 5.5, 0.6, 2.0, 0.0 | 1000.0
0.8, 5.6, 0.7, 2.4, 0.0 | 1000.0
0.3, 5.8, 0.6, 2.2, 0.0 | 1000.0
0.0, 5.5, 2.0, 3.5, 0.0 | 1000.0
0.5, 5.8, 2.0, 3.5, 0.0 | 1000.0
0.5, 5.4, 0.5, 2.2, 0.0 | 1000.0
0.4, 5.7, 0.5, 2.0, 0.0 | 1000.0
0.4, 5.5, 0.5, 2.2, 0.0 | 1000.0
0.6, 6.0, 0.5, 1.7, 0.0 | 1000.0
0.3, 5.7, 0.8, 2.2, 0.0 | 1000.0
0.2, 5.6, 0.5, 2.0, 0.0 | 1000.0
0.0, 5.0, 0.5, 1.7, 0.0 | 1000.0
0.5, 6.0, 0.5, 2.7, 0.0 | 1000.0
0.0, 5.5, 0.6, 2.2, 0.0 | 1000.0
0.6, 5.4, 0.5, 2.2, 0.0 | 1000.0
0.9, 5.8, 0.9, 2.7, 0.0 | 1000.0
0.6, 5.9, 0.5, 2.2, 0.0 | 1000.0
0.8, 5.6, 0.5, 2.2, 0.0 | 1000.0
3.0, 5.5, 0.5, 2.2, 0.0 | 134.1
-2.0, 5.8, 0.5, 2.2, 0.0 | 115.3
0.2, 5.9, 0.5, 2.2, 0.0 | 1000.0
0.0, 5.8, 0.5, 1.7, 0.0 | 1000.0
0.0, 5.0, -1.0, 2.0, 0.0 | 89.1
0.6, 5.4, 0.6, 2.1, 0.0 | 1000.0
0.2, 6.0, 1.0, 2.7, 0.0 | 1000.0
0.8, 5.7, 0.6, 1.7, 0.0 | 1000.0
0.0, 5.9, 0.5, 2.7, 0.0 | 1000.0
-0.5, 6.0, 0.2, 1.7, 0.0 | 145.45
0.8, 5.9, 0.5, 2.2, 0.0 | 1000.0
1.0, 6.0, 0.5, 2.7, 0.0 | 661.7
0.5, 6.0, 0.5, 1.7, 0.0 | 1000.0
0.9, 5.6, 0.5, 2.2, 0.0 | 934.4
-0.5, 6.0, -2.0, 3.5, 0.0 | 24.1
0.2, 5.8, 0.5, 2.2, 0.0 | 1000.0
0.7, 5.6, 0.5, 2.2, 0.0 | 1000.0
1.0, 5.8, 0.7, 2.3, 0.0 | 1000.0
-2.0, 4.0, -4.0, 4.0, 0.0 | 17.05
0.0, 6.0, -1.0, 3.0, 0.0 | 37.3
0.3, 6.0, 0.2, 1.7, 0.0 | 1000.0
0.1, 5.7, 0.5, 2.2, 0.0 | 1000.0
0.3, 5.9, 0.5, 1.7, 0.0 | 1000.0
0.0, 6.0, 0.5, 2.7, 0.0 | 1000.0
0.0, 5.6, 0.9, 2.9, 0.0 | 1000.0
-0.4, 5.6, 0.5, 2.2, 0.0 | 225.0
1.0, 5.5, 0.5, 1.7, 0.0 | 999.5
0.6, 5.5, 2.0, 3.5, 0.0 | 1000.0
0.0, 5.2, 0.5, 1.7, 0.0 | 1000.0
0.8, 5.4, 0.5, 2.2, 0.0 | 1000.0
0.1, 6.0, 0.2, 1.7, 0.0 | 1000.0
0.5, 6.0, 0.5, 2.7, 0.0 | 1000.0
0.6, 5.8, 0.5, 2.2, 0.0 | 1000.0
0.3, 5.3, 0.7, 2.4, 0.0 | 1000.0
0.0, 5.6, 0.6, 2.5, 0.0 | 1000.0
0.9, 5.5, 0.4, 2.6, 0.0 | 490.45
0.2, 5.5, 0.6, 2.0, 0.0 | 1000.0
0.9, 5.8, 0.5, 1.7, 0.0 | 1000.0
0.0, 5.1, 0.5, 1.8, 0.0 | 1000.0
0.6, 6.0, 0.5, 1.7, 0.0 | 1000.0
0.9, 5.4, 0.6, 2.0, 0.0 | 1000.0
0.3, 5.5, 0.8, 2.9, 0.0 | 1000.0
0.8, 5.7, 0.6, 2.4, 0.0 | 1000.0
0.3, 5.6, 0.5, 2.2, 0.0 | 1000.0
1.2, 6.0, 0.6, 1.7, 0.0 | 1000.0
1.5, 6.0, 0.5, 2.7, 0.0 | 305.75
0.3, 5.9, 0.9, 2.7, 0.0 | 1000.0
0.6, 5.8, 1.0, 2.5, 0.0 | 1000.0
0.0, 5.7, 0.5, 2.5, 0.0 | 1000.0
1.0, 5.0, 0.5, 1.7, 0.0 | 595.1
0.6, 5.8, 0.6, 2.7, 0.0 | 1000.0
0.7, 5.8, 0.5, 1.7, 0.0 | 1000.0
0.0, 5.6, 0.5, 2.2, 1.0 | 36.8
0.0, 5.5, 0.5, 2.2, 0.0 | 1000.0
0.9, 5.6, 0.6, 2.2, 0.0 | 1000.0
1.2, 6.0, 0.5, 1.7, 0.0 | 878.95
0.5, 5.0, 0.5, 1.7, 0.0 | 1000.0
0.1, 5.4, 0.5, 2.7, 0.0 | 1000.0
0.2, 5.0, 0.2, 1.7, 0.0 | 1000.0
2.0, 5.5, 0.5, 2.0, 0.0 | 191.9
0.2, 5.5, 0.5, 2.2, 0.0 | 1000.0
0.9, 5.9, 0.6, 2.2, 0.0 | 1000.0
0.0, 5.5, 0.3, 2.5, 0.0 | 831.2
0.0, 5.8, 0.9, 2.7, 0.0 | 1000.0
0.9, 5.8, 0.5, 2.2, 0.0 | 1000.0
0.8, 5.5, 0.4, 2.0, 0.0 | 922.45
0.3, 6.0, 0.0, 1.7, 0.0 | 590.55
0.4, 6.0, 0.3, 1.7, 0.0 | 1000.0
0.0, 6.0, 0.3, 1.7, 0.0 | 771.7
0.6, 6.0, 0.6, 1.7, 0.0 | 1000.0
0.2, 5.4, 0.5, 1.9, 0.0 | 1000.0
0.3, 5.6, 0.5, 2.7, 0.0 | 1000.0
0.2, 5.9, 0.6, 2.0, 0.0 | 1000.0
0.5, 6.0, 0.1, 1.7, 0.0 | 694.6
0.5, 6.0, 0.5, 3.7, 0.0 | 54.25
0.3, 6.0, 0.3, 1.7, 0.0 | 1000.0
0.3, 5.8, 1.5, 3.0, 0.0 | 1000.0
-1.0, 5.5, 0.5, 2.2, 0.0 | 143.1
1.0, 5.7, 0.5, 1.7, 0.0 | 1000.0
0.2, 5.4, 0.5, 2.2, 0.0 | 1000.0
0.3, 5.4, 0.9, 2.0, 0.0 | 1000.0
0.6, 5.8, 0.6, 2.2, 0.0 | 1000.0
0.0, 5.8, 0.5, 2.2, 0.0 | 1000.0
1.0, 6.0, 0.6, 2.3, 0.0 | 1000.0
0.6, 6.0, 0.1, 1.7, 0.0 | 539.3
0.3, 6.0, 0.6, 1.7, 0.0 | 1000.0
0.2, 6.0, 0.0, 2.0, 0.0 | 652.05
0.7, 6.0, 0.2, 1.7, 0.0 | 763.25
0.5, 5.3, 0.9, 2.2, 0.0 | 1000.0
0.2, 5.6, 2.0, 3.5, 0.0 | 1000.0
1.6, 5.9, 0.5, 1.7, 0.0 | 341.65
0.4, 5.5, 0.5, 2.0, 0.0 | 1000.0
0.8, 5.5, 0.5, 2.2, 0.0 | 1000.0
0.5, 6.0, 0.5, 1.8, 0.0 | 1000.0
0.0, 5.6, 0.6, 2.2, 0.0 | 1000.0
0.0, 5.5, 1.5, 3.2, 0.0 | 1000.0
0.6, 5.5, 0.5, 1.7, 0.0 | 1000.0
1.0, 6.0, 0.3, 1.7, 0.0 | 571.55
0.6, 6.0, 0.3, 1.7, 0.0 | 1000.0
0.0, 5.9, 0.5, 2.4, 0.0 | 1000.0
0.2, 5.5, 0.5, 2.2, 0.0 | 1000.0
-3.0, 5.0, -5.0, 5.0, 0.0 | 15.95
0.7, 5.8, 0.5, 1.7, 0.0 | 1000.0
0.0, 5.5, 0.5, 2.7, 0.0 | 1000.0
0.8, 5.5, 0.7, 2.1, 0.0 | 1000.0
0.0, 6.0, 0.5, 2.7, 0.0 | 1000.0
0.0, 5.1, 0.5, 2.2, 0.0 | 1000.0
0.5, 5.6, 1.5, 3.2, 0.0 | 1000.0
0.5, 5.8, 0.6, 2.3, 0.0 | 1000.0
0.3, 6.0, 0.1, 1.7, 0.0 | 1000.0
0.5, 6.0, 0.6, 2.2, 0.0 | 1000.0
-3.0, 6.0, -5.0, 5.0, 0.0 | 14.65
0.4, 5.4, 0.6, 2.2, 0.0 | 1000.0
0.3, 5.9, 0.5, 2.2, 0.0 | 1000.0
0.8, 5.9, 0.5, 2.2, 0.0 | 1000.0
1.0, 6.0, 0.5, 1.7, 0.0 | 1000.0
0.3, 5.0, 0.4, 2.0, 0.0 | 1000.0
0.0, 5.5, 0.5, 1.7, 0.0 | 1000.0
-2.0, 5.0, -4.0, 5.0, 0.0 | 16.7
2.0, 5.5, 0.5, 1.7, 0.0 | 210.7
-0.5, 6.0, -1.0, 3.0, 0.0 | 37.85
0.9, 5.5, 0.5, 2.2, 0.0 | 877.2
0.7, 5.5, 0.6, 2.7, 0.0 | 1000.0
0.0, 5.0, 0.5, 2.0, 0.0 | 1000.0
0.4, 5.5, 0.5, 1.7, 0.0 | 1000.0
0.0, 5.9, 0.5, 1.7, 0.0 | 1000.0
0.2, 6.0, 0.0, 1.7, 0.0 | 744.95
0.5, 6.0, 0.3, 1.7, 0.0 | 1000.0
0.9, 5.9, 0.5, 1.7, 0.0 | 1000.0
0.3, 6.0, 0.2, 1.7, 0.0 | 1000.0
0.2, 6.0, 0.0, 1.8, 0.0 | 710.25
0.9, 5.4, 0.5, 2.2, 0.0 | 790.65
0.3, 5.8, 0.5, 1.7, 0.0 | 1000.0
0.3, 5.7, 0.5, 2.2, 0.0 | 1000.0
0.0, 5.8, 0.5, 2.0, 0.0 | 1000.0
0.2, 5.9, 0.5, 1.7, 0.0 | 1000.0
0.1, 6.0, 0.3, 1.7, 0.0 | 1000.0
0.8, 6.0, 0.4, 1.7, 0.0 | 1000.0
0.1, 6.0, 0.1, 1.7, 0.0 | 1000.0
1.5, 6.0, 0.5, 1.7, 0.0 | 431.95
0.0, 5.4, 0.5, 2.2, 0.0 | 1000.0
0.0, 6.0, 0.4, 2.7, 0.0 | 983.65
0.0, 5.2, 0.5, 2.5, 0.0 | 1000.0
1.0, 5.5, 0.5, 2.0, 0.0 | 707.9
0.4, 6.0, 0.2, 1.7, 0.0 | 1000.0
0.5, 5.5, 0.6, 1.8, 0.0 | 1000.0
0.0, 5.6, 0.5, 2.2, 0.0 | 1000.0
0.3, 5.7, 0.5, 2.7, 0.0 | 1000.0
0.8, 6.0, 0.1, 1.7, 0.0 | 421.65
2.0, 6.0, 0.6, 1.7, 0.0 | 286.15
0.0, 6.0, 0.6, 1.7, 0.0 | 1000.0
0.5, 5.7, 0.5, 2.2, 0.0 | 1000.0
0.9, 5.5, 0.5, 2.7, 0.0 | 604.2
-0.2, 6.0, 0.0, 2.2, 0.0 | 190.45
1.1, 5.8, 0.5, 2.2, 0.0 | 621.7
0.7, 5.8, 0.5, 2.2, 0.0 | 1000.0
0.4, 5.8, 0.6, 2.4, 0.0 | 1000.0
0.0, 5.9, 0.7, 2.5, 0.0 | 1000.0
0.2, 5.4, 0.6, 2.0, 0.0 | 1000.0
1.4, 6.0, 0.7, 1.7, 0.0 | 1000.0
1.5, 5.5, 0.5, 1.7, 0.0 | 338.7
0.2, 5.6, 0.6, 2.2, 0.0 | 1000.0
0.1, 5.9, 0.5, 2.7, 0.0 | 1000.0
0.9, 6.0, 0.4, 1.7, 0.0 | 1000.0
0.0, 5.8, 0.8, 2.2, 0.0 | 1000.0
0.0, 5.4, 0.5, 2.7, 0.0 | 1000.0
0.5, 5.5, 0.6, 2.0, 0.0 | 1000.0
-0.1, 6.0, 0.0, 1.7, 0.0 | 185.1
1.0, 6.0, 0.5, 1.7, 0.0 | 1000.0
0.6, 5.5, 0.5, 2.0, 0.0 | 1000.0
-0.5, 6.0, -1.0, 2.0, 0.5 | 30.35
1.0, 5.5, 0.5, 2.2, 0.0 | 641.05
0.5, 5.8, 0.5, 1.7, 0.5 | 53.9
0.9, 5.8, 0.6, 2.3, 0.0 | 1000.0
0.0, 6.0, 0.0, 1.9, 0.0 | 244.8
0.1, 5.8, 0.5, 2.7, 0.0 | 1000.0
0.0, 5.0, -2.0, 3.0, 0.0 | 29.25
0.8, 6.0, 0.2, 1.7, 0.0 | 579.8
0.2, 5.4, 0.6, 2.7, 0.0 | 1000.0
-1.0, 6.0, -1.0, 2.0, 0.0 | 76.15
-0.1, 5.6, 0.5, 2.2, 0.0 | 388.6
0.0, 6.0, 0.5, 2.2, 0.0 | 1000.0
0.0, 6.0, 5.5, 4.5, 0.0 | 896.15
-0.5, 6.0, 5.0, 4.5, 0.0 | 960.15
-1.0, 5.9, 5.2, 4.6, 0.0 | 659.75
-0.4, 6.0, 5.1, 4.6, 0.0 | 1000.0
0.2, 6.0, 5.2, 4.5, 0.0 | 1000.0
0.0, 5.7, 5.0, 4.5, 0.0 | 1000.0
0.0, 5.0, 5.0, 4.6, 0.0 | 530.9
0.0, 6.0, 5.5, 4.6, 0.0 | 982.3
0.9, 6.0, 4.9, 4.6, 0.0 | 817.3
0.2, 6.0, 5.1, 4.6, 0.0 | 1000.0
0.4, 6.0, 4.8, 4.6, 0.0 | 1000.0
-3.2, 2.0, 4.4, 4.2, 0.0 | 191.45
0.0, 5.9, 5.3, 4.6, 0.0 | 1000.0
0.7, 6.0, 5.0, 4.5, 0.0 | 811.8
-0.5, 6.0, 5.4, 4.6, 0.0 | 996.35
0.0, 6.0, 5.1, 4.5, 0.0 | 1000.0
0.8, 6.0, 5.0, 4.5, 0.0 | 752.85
-0.3, 6.0, 4.9, 4.6, 0.0 | 1000.0
1.0, 6.0, 5.0, 4.5, 0.0 | 555.95
0.0, 6.0, 5.5, 4.5, 0.0 | 869.6
-0.6, 6.0, 5.0, 4.6, 0.0 | 895.25
-1.0, 6.0, 5.0, 4.5, 0.0 | 601.25
-0.2, 6.0, 5.0, 4.5, 0.0 | 1000.0
0.6, 6.0, 5.2, 4.5, 0.0 | 739.2
1.0, 6.0, 5.3, 4.5, 0.0 | 380.9
0.1, 6.0, 5.1, 4.5, 0.0 | 1000.0
0.9, 6.0, 4.9, 4.6, 0.0 | 807.05
-0.7, 6.0, 5.2, 4.5, 0.2 | 303.1
-2.0, 6.0, 5.0, 4.5, 0.0 | 342.35
0.0, 5.9, 5.0, 4.6, 0.0 | 1000.0
-0.1, 6.0, 5.1, 4.6, 0.0 | 1000.0
-0.3, 6.0, 5.2, 4.5, 0.0 | 1000.0
0.0, 6.0, 5.1, 4.5, 0.0 | 1000.0
0.0, 6.0, 5.2, 4.5, 0.0 | 1000.0
-0.9, 6.0, 5.2, 4.7, -0.3 | 208.8
-0.3, 6.0, 4.9, 4.6, 0.0 | 1000.0
-0.2, 6.0, 5.0, 4.6, 0.0 | 1000.0
0.7, 6.0, 5.2, 4.6, 0.0 | 695.4
0.2, 6.0, 5.3, 4.5, 0.0 | 969.6
0.0, 6.0, 5.0, 4.4, 0.0 | 1000.0
0.7, 6.0, 5.0, 4.5, 0.0 | 841.85
0.3, 6.0, 5.0, 4.5, 0.0 | 1000.0
0.6, 6.0, 5.0, 4.5, 0.0 | 949.6
-0.4, 6.0, 4.8, 4.6, 0.0 | 998.2
0.0, 6.0, 5.2, 4.6, 0.0 | 1000.0
-0.4, 6.0, 5.2, 4.4, 0.0 | 1000.0
0.8, 6.0, 4.8, 4.6, 0.0 | 989.25
0.1, 6.0, 5.0, 4.5, 0.0 | 1000.0
0.1, 6.0, 5.3, 4.5, 0.0 | 1000.0
-0.2, 6.0, 5.2, 4.5, 0.0 | 1000.0
-0.4, 6.0, 5.3, 4.6, 0.0 | 1000.0
0.5, 6.0, 5.2, 4.6, 0.0 | 845.5
0.4, 6.0, 5.0, 4.5, 0.0 | 1000.0
-0.7, 6.0, 5.3, 4.6, 0.0 | 839.7
0.0, 6.0, 5.0, 4.5, -0.2 | 612.6
0.8, 6.0, 5.0, 4.5, 0.0 | 735.45
0.0, 6.0, 5.0, 4.8, 0.1 | 445.0
0.0, 6.0, 5.0, 4.5, -0.1 | 1000.0
0.6, 6.0, 5.0, 4.6, 0.0 | 988.75
-0.2, 6.0, 5.4, 4.5, 0.1 | 807.65
-3.6, 1.0, 4.8, 4.6, 0.5 | 78.95
0.5, 6.0, 4.8, 4.6, 0.0 | 1000.0
0.0, 6.0, 5.1, 4.6, 0.0 | 1000.0
0.8, 6.0, 4.9, 4.6, 0.0 | 885.25
0.0, 6.0, 5.4, 4.5, 0.0 | 998.6
-2.6, 1.0, 3.8, 3.6, 0.5 | 71.7
-0.5, 6.0, 5.2, 4.5, 0.0 | 968.65
-1.0, 6.0, 4.4, 4.2, 0.0 | 529.6
0.5, 6.0, 5.0, 4.5, 0.0 | 1000.0
-0.5, 6.0, 5.0, 4.6, 0.0 | 949.55
0.0, 6.0, 4.5, 4.5, 0.0 | 1000.0
-0.6, 6.0, 5.2, 4.6, 0.0 | 897.4
0.3, 6.0, 5.2, 4.5, 0.1 | 943.2
0.0, 6.0, 5.6, 4.5, 0.0 | 730.25
-2.2, 3.0, 4.4, 4.2, 0.0 | 281.05
-0.1, 6.0, 4.8, 4.6, 0.0 | 1000.0
0.3, 6.0, 5.0, 4.5, 0.0 | 1000.0
0.0, 6.0, 4.6, 4.6, 0.0 | 1000.0
1.1, 6.0, 5.0, 4.6, 0.0 | 567.4
-0.9, 6.0, 5.2, 4.5, 0.0 | 669.05
0.3, 6.0, 5.4, 4.5, 0.0 | 698.45
0.2, 6.0, 5.1, 4.5, 0.0 | 1000.0
-0.4, 6.0, 5.3, 4.5, 0.0 | 1000.0
-1.4, 6.0, 5.6, 4.6, 0.3 | 191.35
-0.1, 6.0, 5.0, 4.5, 0.0 | 1000.0
0.0, 6.0, 5.0, 5.0, 0.0 | 130.55
0.0, 6.0, 4.8, 4.6, 0.0 | 1000.0
-0.3, 6.0, 4.8, 4.6, 0.0 | 1000.0
0.0, 6.0, 4.6, 4.7, 0.0 | 318.7
0.0, 6.0, 5.5, 4.6, 0.0 | 965.5
-0.1, 6.0, 5.1, 4.5, 0.0 | 1000.0
-0.5, 6.0, 5.2, 4.5, 0.0 | 965.55
1.0, 6.0, 5.0, 4.5, 0.0 | 566.15
0.0, 6.0, 5.0, 4.5, 0.1 | 1000.0
0.6, 6.0, 4.5, 4.5, 0.0 | 1000.0
-0.2, 6.0, 5.1, 4.6, 0.0 | 1000.0
0.0, 6.0, 5.2, 4.6, 0.0 | 1000.0
-0.3, 6.0, 5.2, 4.6, 0.0 | 1000.0
0.0, 6.0, 5.0, 4.6, 0.0 | 1000.0
-0.7, 6.0, 5.3, 4.5, 0.0 | 798.5
0.4, 6.0, 5.1, 4.6, 0.0 | 1000.0
-0.2, 6.0, 4.8, 4.6, 0.0 | 1000.0
0.3, 5.9, 5.1, 4.5, 0.0 | 997.8
0.0, 6.0, 5.4, 4.5, 0.0 | 995.6
0.1, 6.0, 5.3, 4.5, 0.0 | 1000.0
-0.8, 6.0, 5.1, 4.5, 0.0 | 710.05
0.4, 6.0, 5.2, 4.5, 0.0 | 923.6
0.0, 6.0, 5.2, 4.5, 0.0 | 1000.0
0.6, 6.0, 4.9, 4.6, 0.0 | 1000.0
-0.9, 6.0, 4.8, 4.6, 0.0 | 597.9
0.0, 6.0, 5.0, 4.6, 0.0 | 1000.0
-0.5, 6.0, 5.0, 4.5, 0.0 | 945.65
-2.0, 6.0, 5.0, 4.6, 0.0 | 381.4
-0.4, 6.0, 4.9, 4.6, 0.0 | 1000.0
-0.6, 6.0, 5.3, 4.6, 0.0 | 915.05
0.7, 6.0, 5.0, 4.6, 0.0 | 919.2
0.6, 6.0, 5.0, 4.5, 0.0 | 975.65
0.5, 6.0, 5.0, 4.6, 0.0 | 1000.0
-0.3, 6.0, 5.2, 4.6, 0.2 | 429.3
0.3, 6.0, 5.1, 4.5, 0.0 | 1000.0
0.0, 6.0, 5.5, 4.5, 0.0 | 887.7
0.0, 6.0, 4.7, 4.6, 0.0 | 1000.0
-0.3, 5.9, 5.2, 4.6, 0.0 | 1000.0
-0.5, 6.0, 5.2, 4.4, 0.0 | 969.0
0.0, 6.0, 5.7, 4.8, 0.0 | 872.0
-0.3, 6.0, 5.4, 4.5, 0.0 | 1000.0
0.1, 6.0, 5.0, 4.6, 0.0 | 1000.0
0.0, 6.0, 5.2, 4.5, 0.5 | 271.9
-2.2, 4.0, 4.4, 4.2, 0.0 | 285.5
0.0, 6.0, 5.2, 4.7, 0.0 | 1000.0
-0.6, 6.0, 5.2, 4.5, 0.0 | 877.85
0.0, 6.0, 5.3, 4.4, 0.0 | 1000.0
0.0, 6.0, 4.8, 4.6, 0.5 | 256.05
0.0, 5.0, 5.0, 4.6, 0.0 | 559.0
0.5, 6.0, 5.2, 4.6, 0.0 | 835.2
0.0, 6.0, 5.0, 4.5, 0.0 | 1000.0
-0.1, 6.0, 5.2, 4.5, 0.0 | 1000.0
0.5, 6.0, 5.2, 4.6, 0.0 | 860.75
0.0, 6.0, 5.3, 4.6, 0.0 | 1000.0
-0.5, 6.0, 5.2, 4.5, 0.0 | 980.5
0.2, 6.0, 5.0, 4.5, 0.4 | 454.95
0.0, 5.0, 5.0, 4.5, 0.0 | 519.8
0.0, 6.0, 4.8, 5.0, 0.0 | 112.25
-2.2, 6.0, 4.4, 4.2, 1.0 | 69.1
0.0, 6.0, 4.9, 4.5, 0.0 | 1000.0
-1.0, 6.0, 5.2, 4.6, 0.0 | 691.1
0.3, 6.0, 5.2, 4.5, 0.0 | 990.85
0.3, 6.0, 5.1, 4.6, 0.0 | 1000.0
0.4, 6.0, 5.4, 4.5, 0.0 | 676.5
0.0, 6.0, 4.9, 4.6, 0.0 | 1000.0
0.2, 6.0, 5.1, 4.6, 0.0 | 1000.0
0.7, 6.0, 5.2, 4.6, 0.0 | 665.15
-0.1, 6.0, 5.0, 4.5, 0.0 | 1000.0
-0.1, 6.0, 5.2, 4.6, 0.0 | 1000.0
0.5, 6.0, 4.8, 4.6, 0.0 | 1000.0
0.0, 6.0, 5.1, 4.6, 0.0 | 1000.0
0.0, 6.0, 5.3, 4.7, 0.0 | 1000.0
2.0, 6.0, 5.2, 4.6, 0.0 | 245.4
0.5, 6.0, 5.2, 4.5, 0.0 | 841.6
0.2, 6.0, 5.1, 4.5, -0.1 | 1000.0
-1.0, 6.0, 5.4, 5.2, 0.0 | 146.05
-0.2, 6.0, 5.0, 4.6, 0.0 | 1000.0
-0.5, 6.0, 5.2, 4.6, 0.0 | 975.65
-3.6, 1.0, 3.8, 3.6, 0.5 | 63.9
0.2, 6.0, 5.0, 4.6, 0.0 | 1000.0
0.4, 6.0, 5.0, 4.5, 0.0 | 1000.0
0.0, 6.0, 5.0, 4.6, 0.0 | 1000.0
-0.1, 5.9, 5.3, 4.6, 0.0 | 1000.0
-0.5, 6.0, 4.4, 4.2, 0.0 | 878.4
-0.5, 6.0, 5.4, 4.5, 0.0 | 984.2
-0.5, 6.0, 4.8, 4.6, 0.0 | 939.45
0.1, 6.0, 5.0, 4.5, 0.0 | 1000.0
-0.2, 6.0, 5.1, 4.6, 0.0 | 1000.0
0.4, 6.0, 5.4, 4.6, 0.0 | 759.3
0.6, 6.0, 4.8, 4.6, 0.0 | 1000.0
0.5, 6.0, 5.0, 4.5, 0.0 | 1000.0
-0.5, 6.0, 5.0, 4.6, 0.0 | 958.75
0.0, 6.0, 5.0, 4.5, 0.0 | 1000.0
-0.1, 6.0, 5.3, 4.6, 0.0 | 1000.0
-0.7, 6.0, 4.5, 4.5, 0.0 | 716.75
0.0, 5.9, 5.2, 4.6, 0.0 | 1000.0
0.0, 6.0, 5.2, 4.4, 0.0 | 1000.0
-0.1, 6.0, 4.9, 4.5, 0.2 | 533.85
-0.4, 6.0, 5.4, 4.6, 0.0 | 1000.0
0.5, 6.0, 5.0, 4.6, 0.0 | 1000.0
0.0, 6.0, 5.5, 4.7, 0.0 | 1000.0
0.0, 6.0, 5.0, 4.5, 0.0 | 1000.0
0.0, 6.0, 5.4, 4.6, 0.0 | 1000.0
0.6, 6.0, 5.1, 4.5, 0.0 | 808.45
0.0, 6.0, 5.3, 4.6, 0.0 | 1000.0
0.7, 6.0, 5.5, 4.5, 0.0 | 399.4
0.0, 5.0, 5.0, 4.5, 0.0 | 516.15
1.0, 6.0, 5.0, 4.6, 0.0 | 641.95
-0.2, 6.0, 5.4, 4.6, 0.0 | 1000.0
0.8, 6.0, 5.0, 4.5, 0.0 | 721.95
-2.2, 1.0, 4.4, 4.2, 0.0 | 203.3
0.0, 6.0, 5.3, 4.6, 0.0 | 1000.0
0.1, 6.0, 5.2, 4.6, 0.0 | 1000.0
0.2, 6.0, 5.2, 4.5, 0.0 | 1000.0
0.2, 6.0, 5.2, 4.5, 0.0 | 1000.0
0.7, 6.0, 5.2, 4.5, 0.0 | 605.95
0.0, 6.0, 5.0, 4.5, 0.0 | 1000.0
-0.4, 6.0, 5.0, 4.5, 0.0 | 1000.0
0.5, 6.0, 5.2, 4.5, 0.2 | 513.4
0.0, 6.0, 5.6, 4.7, 0.0 | 930.45
0.5, 6.0, 5.3, 4.5, 0.0 | 683.5
0.0, 6.0, 5.0, 4.8, 0.0 | 460.3
-0.2, 6.0, 5.1, 4.5, 0.0 | 1000.0
0.0, 6.0, 4.9, 4.6, -0.1 | 1000.0
-0.6, 6.0, 5.1, 4.5, 0.0 | 863.05
0.2, 6.0, 5.2, 4.6, 0.0 | 1000.0
0.5, 6.0, 5.3, 4.6, 0.0 | 755.35
0.6, 6.0, 5.1, 4.6, 0.0 | 874.2
-0.4, 6.0, 5.1, 4.5, 0.0 | 1000.0
0.4, 6.0, 5.3, 4.6, 0.0 | 824.3
0.3, 6.0, 5.3, 4.6, 0.0 | 952.8
-0.1, 6.0, 5.2, 4.6, 0.0 | 1000.0
-0.4, 6.0, 5.2, 4.5, 0.0 | 1000.0
-0.2, 6.0, 5.4, 4.5, 0.0 | 1000.0
0.5, 6.0, 5.2, 4.5, 0.0 | 777.75
-0.1, 6.0, 5.2, 4.4, 0.0 | 1000.0
-0.2, 6.0, 5.1, 4.5, 0.0 | 1000.0
-2.2, 2.0, 4.4, 4.2, 0.0 | 264.6
0.0, 6.0, 5.2, 4.5, 0.3 | 464.75
0.0, 6.0, 5.0, 4.6, 0.0 | 1000.0
-0.1, 6.0, 5.0, 4.6, 0.1 | 957.45
1.5, 6.0, 5.2, 4.6, 0.0 | 326.1
0.0, 6.0, 4.6, 4.5, 0.0 | 1000.0
0.0, 6.0, 5.0, 4.5, 0.0 | 1000.0
-0.2, 6.0, 5.0, 4.5, 0.0 | 1000.0
0.4, 6.0, 5.2, 4.6, 0.0 | 949.6
-0.2, 6.0, 5.3, 4.5, 0.0 | 1000.0
-2.2, 2.0, 5.4, 5.2, 0.0 | 92.8
-0.2, 5.9, 5.3, 4.6, 0.0 | 1000.0
-0.5, 6.0, 5.1, 4.5, 0.0 | 984.45
-0.9, 6.0, 5.0, 4.5, 0.0 | 669.4
-2.6, 1.0, 4.8, 4.6, 0.5 | 87.0
-2.2, 6.0, 4.4, 4.2, 0.0 | 292.2
0.0, 6.0, 4.7, 4.6, 0.0 | 1000.0
0.1, 6.0, 5.3, 4.5, 0.0 | 1000.0
-1.5, 6.0, 5.0, 4.5, 0.0 | 427.5
0.6, 6.0, 5.1, 4.5, 0.0 | 820.0
-0.3, 6.0, 5.1, 4.5, 0.0 | 1000.0
0.0, 6.0, 5.1, 4.5, 0.0 | 1000.0
0.2, 6.0, 5.0, 4.6, 0.1 | 1000.0
0.2, 6.0, 5.4, 4.5, 0.0 | 848.75
0.1, 6.0, 5.0, 4.5, 0.0 | 1000.0
-0.9, 6.0, 5.3, 4.5, 0.0 | 684.3
-0.6, 6.0, 4.9, 4.6, 0.0 | 848.15
0.2, 6.0, 4.5, 4.5, 0.0 | 1000.0
-0.6, 6.0, 5.2, 4.5, 0.0 | 933.7
0.0, 6.0, 5.0, 4.7, 0.0 | 1000.0
-1.0, 5.9, 5.0, 4.5, 0.0 | 589.6
0.0, 6.0, 5.0, 4.5, 1.0 | 132.1
0.2, 6.0, 5.1, 4.6, 0.0 | 1000.0
-0.3, 6.0, 4.8, 4.6, 0.0 | 1000.0
0.0, 6.0, 5.4, 4.5, 0.0 | 1000.0
0.1, 6.0, 4.9, 4.6, 0.0 | 1000.0
-0.3, 6.0, 5.3, 4.5, 0.0 | 1000.0
-0.2, 6.0, 5.0, 4.5, 0.0 | 1000.0
2.0, 6.0, 5.0, 4.5, 0.0 | 260.45
-0.4, 5.9, 5.2, 4.6, 0.0 | 1000.0
0.3, 6.0, 5.0, 4.6, 0.0 | 1000.0
0.2, 6.0, 5.0, 4.5, 0.0 | 1000.0
-0.3, 6.0, 5.0, 4.5, 0.0 | 1000.0
-0.6, 6.0, 5.4, 4.6, 0.0 | 930.35
0.2, 5.9, 5.3, 4.6, 0.0 | 947.55
0.6, 6.0, 5.3, 4.6, 0.0 | 663.65
0.5, 6.0, 5.0, 4.6, 0.0 | 1000.0
0.6, 6.0, 4.9, 4.6, 0.0 | 1000.0
0.3, 6.0, 5.0, 4.5, 0.0 | 1000.0
-0.3, 5.9, 5.5, 4.7, 0.0 | 1000.0
-0.2, 5.9, 5.2, 4.6, 0.0 | 1000.0
0.5, 6.0, 5.1, 4.6, 0.0 | 984.55
0.0, 6.0, 5.0, 4.5, 0.0 | 1000.0
0.1, 6.0, 5.0, 4.6, 0.0 | 1000.0
-0.2, 6.0, 5.2, 4.6, 0.0 | 1000.0
-0.2, 6.0, 5.4, 4.6, 0.0 | 1000.0
-0.5, 6.0, 5.2, 4.6, 0.0 | 980.6
0.2, 6.0, 5.0, 4.6, 0.0 | 1000.0
0.6, 6.0, 5.2, 4.6, 0.0 | 768.75
0.6, 6.0, 5.0, 4.6, 0.0 | 978.2
-1.0, 6.0, 5.0, 4.5, 0.0 | 608.0
-0.5, 6.0, 5.0, 4.5, 0.0 | 964.15
-0.7, 6.0, 4.8, 4.6, 0.0 | 747.65
-0.4, 6.0, 5.0, 4.6, 0.0 | 1000.0
-1.0, 6.0, 4.8, 4.6, 0.0 | 563.0
0.0, 6.0, 5.4, 4.6, 0.0 | 1000.0
-0.5, 6.0, 5.3, 4.6, 0.0 | 987.2
0.6, 6.0, 5.2, 4.6, 0.0 | 765.05
0.1, 6.0, 5.2, 4.5, 0.0 | 1000.0
0.1, 6.0, 5.0, 4.6, 0.0 | 1000.0
0.2, 6.0, 5.2, 4.6, 0.0 | 1000.0
-0.6, 6.0, 4.8, 4.6, 0.0 | 835.2
-1.0, 6.0, 5.2, 4.5, 0.0 | 667.35
-0.4, 6.0, 5.2, 4.5, 0.1 | 571.8
0.5, 6.0, 5.3, 4.5, 0.0 | 646.2
0.0, 5.8, 5.5, 4.7, 0.0 | 851.95
0.5, 6.0, 5.0, 4.5, 0.0 | 1000.0
-0.5, 6.0, 5.3, 4.5, 0.0 | 985.45
0.0, 6.0, 6.0, 4.5, 0.0 | 348.7
1.0, 6.0, 5.2, 4.6, 0.0 | 516.5
-0.8, 6.0, 4.8, 4.6, 0.0 | 717.35
0.3, 6.0, 5.2, 4.6, 0.0 | 1000.0
0.7, 6.0, 4.8, 4.6, 0.0 | 1000.0
-0.5, 6.0, 4.9, 4.6, 0.0 | 947.2
0.3, 6.0, 5.0, 4.5, 0.0 | 1000.0
-0.4, 6.0, 5.2, 4.6, 0.0 | 1000.0
0.1, 6.0, 5.2, 4.6, 0.0 | 1000.0
2.0, 6.0, 5.2, 4.5, 0.0 | 238.25
-0.4, 6.0, 5.0, 4.4, 0.0 | 1000.0
0.0, 6.0, 5.2, 4.5, 0.0 | 1000.0
-0.6, 6.0, 5.2, 4.6, 0.0 | 907.4
0.4, 6.0, 5.2, 4.5, 0.0 | 890.5
0.6, 6.0, 5.0, 4.5, 0.1 | 845.95
0.6, 6.0, 4.6, 4.6, 0.0 | 423.1
0.9, 6.0, 4.8, 4.6, 0.0 | 867.55
0.9, 6.0, 5.2, 4.5, 0.0 | 480.5
-0.4, 6.0, 5.1, 4.5, 0.0 | 1000.0
-2.6, 1.0, 5.4, 5.4, 0.5 | 50.05
0.0, 6.0, 5.1, 4.5, 0.0 | 1000.0
-0.5, 6.0, 5.0, 4.6, 0.0 | 949.3
0.0, 6.0, 6.0, 5.0, 0.0 | 620.4
0.5, 6.0, 5.2, 4.5, 0.0 | 819.85
-0.3, 6.0, 5.3, 4.6, 0.0 | 1000.0
0.0, 6.0, 5.4, 4.6, 0.0 | 1000.0
-0.1, 6.0, 5.2, 4.6, 0.0 | 1000.0
-0.1, 6.0, 5.0, 4.6, 0.0 | 1000.0
-0.2, 6.0, 5.3, 4.5, 0.0 | 1000.0
-3.2, 2.0, 5.4, 5.2, 1.0 | 45.1
0.0, 6.0, 5.3, 4.6, 0.0 | 1000.0
0.4, 6.0, 5.1, 4.6, 0.0 | 1000.0
0.9, 6.0, 5.2, 4.6, 0.0 | 519.45
0.0, 6.0, 5.2, 4.6, 0.0 | 1000.0
-0.6, 6.0, 5.0, 4.5, 0.0 | 853.5
0.0, 5.0, 5.0, 4.5, 0.0 | 520.15
-2.6, 1.0, 5.8, 5.6, 0.5 | 49.0
0.2, 6.0, 5.2, 4.6, 0.2 | 1000.0
-2.0, 6.0, 5.4, 5.2, 0.0 | 264.95
-0.5, 6.0, 5.5, 4.6, 0.0 | 989.45
-0.2, 6.0, 5.2, 4.6, 0.0 | 1000.0
-0.5, 6.0, 5.5, 4.5, 0.0 | 992.7
0.0, 6.0, 5.3, 4.5, 0.0 | 1000.0
-0.3, 6.0, 5.0, 4.6, 0.0 | 1000.0
2.0, 6.0, 4.8, 4.6, 0.0 | 325.1
0.0, 5.0, 4.8, 4.6, 0.0 | 779.25
-0.1, 6.0, 5.0, 4.5, 0.0 | 1000.0
0.4, 6.0, 5.0, 4.6, 0.0 | 1000.0
0.3, 6.0, 4.8, 4.6, 0.0 | 1000.0
0.2, 5.9, 5.2, 4.6, 0.0 | 1000.0
0.0, 6.0, 5.2, 4.4, 0.0 | 1000.0
-0.3, 6.0, 5.0, 4.5, 0.0 | 1000.0
-0.8, 6.0, 5.0, 4.5, 0.0 | 703.95
-0.4, 6.0, 5.0, 4.5, 0.0 | 1000.0
0.9, 6.0, 4.8, 4.6, 0.0 | 916.55
-0.2, 6.0, 4.9, 4.6, 0.0 | 1000.0
1.0, 6.0, 4.8, 4.6, 0.0 | 800.85
0.0, 6.0, 5.8, 4.6, 0.0 | 545.65
0.5, 6.0, 5.0, 4.6, 0.0 | 1000.0
-0.5, 6.0, 5.2, 4.6, 0.2 | 351.3
0.5, 6.0, 5.2, 4.4, 0.0 | 703.2
-0.3, 6.0, 5.0, 4.5, 0.0 | 1000.0
-1.0, 6.0, 5.0, 4.6, 0.0 | 651.5
-0.4, 6.0, 5.0, 4.6, 0.0 | 1000.0
0.6, 6.0, 5.0, 4.5, 0.0 | 934.6
-0.2, 6.0, 5.3, 4.5, 0.0 | 1000.0
0.1, 6.0, 4.9, 4.6, 0.1 | 1000.0
0.1, 6.0, 5.0, 4.5, 0.0 | 1000.0
0.0, 6.0, 5.2, 4.6, 0.0 | 1000.0
0.4, 6.0, 5.5, 4.6, 0.0 | 575.95
0.0, 6.0, 6.0, 4.6, 0.0 | 389.55
-1.3, 6.0, 4.8, 4.6, 0.0 | 490.15
0.4, 5.9, 5.2, 4.6, 0.0 | 855.6
-0.1, 6.0, 5.2, 4.5, 0.0 | 1000.0
-0.5, 6.0, 5.0, 4.5, 0.0 | 973.05
-0.3, 5.9, 5.1, 4.6, 0.0 | 1000.0
0.0, 6.0, 5.0, 4.4, 0.0 | 1000.0
0.2, 6.0, 4.8, 4.6, 0.0 | 1000.0
0.4, 6.0, 5.0, 4.6, 0.0 | 1000.0
0.2, 6.0, 5.2, 4.6, 0.0 | 1000.0
-0.2, 6.0, 5.0, 4.6, 0.0 | 1000.0
0.6, 6.0, 5.3, 4.6, 0.0 | 633.8
-0.3, 6.0, 5.0, 4.6, 0.0 | 1000.0
-0.6, 6.0, 5.0, 4.6, 0.0 | 869.2
0.4, 6.0, 5.0, 4.5, 0.0 | 1000.0
0.2, 6.0, 4.8, 4.6, 0.0 | 1000.0
0.1, 6.0, 5.3, 4.6, 0.0 | 1000.0
0.1, 6.0, 5.1, 4.5, 0.0 | 1000.0
-2.0, 6.0, 4.4, 4.2, 0.0 | 317.2
-0.4, 6.0, 5.3, 4.5, 0.0 | 1000.0
-0.4, 6.0, 5.3, 4.5, 0.0 | 1000.0
-0.3, 6.0, 5.2, 4.6, 0.0 | 1000.0
0.1, 6.0, 4.8, 4.6, 0.0 | 1000.0
0.0, 6.0, 5.3, 4.6, 0.0 | 1000.0
-1.2, 2.0, 4.4, 4.2, 0.0 | 214.0
0.2, 6.0, 5.4, 4.6, 0.0 | 925.7
-0.4, 6.0, 5.2, 4.6, 0.0 | 1000.0
-2.2, 5.0, 4.4, 4.2, 0.0 | 281.9
-0.3, 6.0, 5.2, 4.5, 0.0 | 1000.0
-0.8, 6.0, 5.4, 4.5, 0.0 | 760.25
0.4, 5.5, 0.6, 2.3, 0.0 | 1000.0
0.9, 5.8, 0.7, 2.5, 0.0 | 1000.0
0.9, 5.7, 0.5, 2.0, 0.0 | 1000.0
0.0, 5.8, 2.0, 2.0, 0.0 | 1000.0
0.5, 5.9, 0.5, 2.2, 0.0 | 1000.0
-0.5, 5.8, 0.5, 2.0, 0.0 | 193.9
0.0, 5.4, 0.5, 2.0, 0.0 | 1000.0
0.1, 5.5, 0.5, 2.4, 0.0 | 1000.0
2.0, 6.0, 0.5, 2.0, 0.0 | 251.4
0.2, 6.0, 0.5, 1.7, 0.0 | 1000.0
-0.5, 6.0, -0.4, 2.0, 0.0 | 121.8
-1.0, 6.0, -2.0, 2.0, 0.0 | 51.85
0.5, 5.8, 1.5, 2.0, 0.0 | 1000.0
0.5, 5.2, 0.5, 2.0, 0.0 | 1000.0
0.6, 5.8, 0.4, 1.5, 0.0 | 1000.0
0.9, 6.0, 0.4, 2.1, 0.0 | 854.35
0.0, 6.0, 0.5, 2.0, 0.0 | 1000.0
0.2, 6.0, 0.7, 2.0, 0.0 | 1000.0
0.0, 5.3, 0.5, 2.0, 0.0 | 1000.0
0.8, 5.6, 0.5, 2.0, 0.0 | 1000.0
1.0, 6.0, 0.5, 2.0, 0.0 | 1000.0
0.3, 5.9, 0.8, 1.9, 0.0 | 1000.0
0.4, 5.7, 0.5, 2.0, 0.0 | 1000.0
0.0, 5.4, 0.5, 2.0, 0.0 | 1000.0
0.5, 5.8, 1.0, 2.0, 0.0 | 1000.0
0.0, 5.9, 0.5, 2.2, 0.0 | 1000.0
0.7, 6.0, -0.4, 2.0, 0.5 | 45.35
0.1, 5.0, 0.5, 2.0, 0.0 | 1000.0
0.8, 5.7, 0.5, 2.0, 0.0 | 1000.0
0.2, 5.8, 0.5, 2.5, 0.0 | 1000.0
0.4, 5.2, 0.7, 1.5, 0.0 | 1000.0
1.1, 5.7, 0.5, 2.0, 0.0 | 621.3
0.6, 5.6, 1.5, 2.0, 0.0 | 1000.0
0.0, 5.8, 0.5, 2.0, 0.1 | 167.05
0.4, 5.8, 0.9, 2.2, 0.0 | 1000.0
-1.5, 6.0, -0.5, 2.0, 0.0 | 90.75
0.3, 6.0, 0.6, 2.0, 0.0 | 1000.0
0.0, 5.9, 0.5, 2.0, 0.0 | 1000.0
0.0, 5.6, 0.5, 2.0, 0.0 | 1000.0
0.5, 6.0, 0.8, 2.0, 0.0 | 1000.0
0.2, 5.9, 0.6, 2.0, 0.0 | 1000.0
0.5, 6.0, 3.0, 2.0, 0.0 | 1000.0
0.1, 5.8, 0.5, 2.0, 0.0 | 1000.0
1.0, 6.0, -0.4, 2.0, 0.0 | 203.0
0.2, 5.4, 0.5, 2.0, 0.0 | 1000.0
0.8, 5.8, 0.9, 2.0, 0.0 | 1000.0
0.7, 6.0, -0.4, 2.0, 0.0 | 219.65
1.0, 5.8, 0.5, 2.0, 0.0 | 947.8
0.5, 5.8, 0.7, 2.3, 0.0 | 1000.0
0.5, 5.8, 0.6, 2.0, 0.0 | 1000.0
0.0, 5.5, 0.8, 2.0, 0.0 | 1000.0
1.2, 5.5, 1.2, 2.2, 0.0 | 1000.0
0.2, 5.8, 0.7, 2.0, 0.0 | 1000.0
0.2, 5.9, 0.5, 2.2, 0.0 | 1000.0
0.4, 5.9, 0.5, 2.1, 0.0 | 1000.0
0.5, 5.8, 0.9, 1.3, 0.0 | 1000.0
0.3, 5.9, 0.9, 1.3, 0.0 | 1000.0
0.0, 5.5, 2.0, 2.0, 0.0 | 1000.0
0.8, 6.0, 0.6, 2.0, 0.0 | 1000.0
-1.0, 5.5, 0.5, 2.0, 0.0 | 144.45
-1.0, 5.0, -1.0, 2.0, 0.0 | 71.0
0.5, 6.0, -0.4, 2.0, 0.0 | 203.65
0.5, 5.9, 0.7, 1.4, 0.0 | 1000.0
0.6, 6.0, 0.5, 2.0, 0.0 | 1000.0
0.6, 6.0, 0.5, 1.9, 0.0 | 1000.0
-2.0, -5.0, -3.0, -2.0, 0.0 | 8.5
0.7, 5.8, 0.5, 2.0, 0.0 | 1000.0
-0.2, 6.0, -0.5, 2.0, 0.0 | 123.55
0.5, 5.7, 0.5, 1.4, 0.0 | 1000.0
0.7, 6.0, -0.1, 2.0, 0.0 | 295.5
0.4, 6.0, 0.6, 2.0, 0.0 | 1000.0
0.5, 5.8, 1.5, 2.0, 0.0 | 1000.0
0.0, 5.8, 0.5, 2.0, 0.0 | 1000.0
0.2, 5.3, 0.9, 2.0, 0.0 | 1000.0
-1.0, 6.0, -1.0, 1.0, 0.0 | 65.0
0.5, 6.0, -0.8, 2.5, 0.0 | 80.25
0.0, 5.9, 0.5, 2.0, 0.0 | 1000.0
0.7, 6.0, 0.5, 2.0, 0.0 | 1000.0
0.6, 5.6, 0.5, 2.0, 0.0 | 1000.0
0.8, 5.1, 0.3, 2.4, 0.0 | 414.05
1.0, 5.5, 0.5, 2.0, 0.0 | 717.25
0.1, 5.6, 0.6, 2.1, 0.0 | 1000.0
0.3, 5.7, 1.2, 2.2, 0.0 | 1000.0
0.0, 5.5, 0.5, 1.5, 0.0 | 1000.0
0.0, 5.8, 1.5, 2.0, 0.0 | 1000.0
0.9, 6.0, 0.6, 1.0, 0.0 | 1000.0
0.6, 6.0, -0.5, 2.0, 0.0 | 194.9
-1.5, 6.0, -1.5, 2.0, 0.0 | 60.1
0.1, 6.0, 0.5, 2.0, 0.0 | 1000.0
0.0, 6.0, 0.5, 1.0, 0.0 | 1000.0
0.0, 5.5, 1.5, 2.0, 0.0 | 1000.0
0.0, 5.1, 0.5, 2.0, 0.0 | 1000.0
0.4, 5.8, 0.6, 2.3, 0.0 | 1000.0
0.6, 5.9, 1.0, 2.0, 0.0 | 1000.0
0.6, 6.0, 0.5, 1.0, 0.0 | 1000.0
0.0, 5.8, 0.5, 3.0, 0.0 | 106.8
0.8, 5.8, -0.5, 2.0, 0.0 | 188.1
0.7, 5.8, 0.6, 2.0, 0.0 | 1000.0
0.8, 5.6, 0.5, 2.2, 0.0 | 1000.0
0.6, 5.8, 0.6, 2.0, 0.0 | 1000.0
1.1, 5.7, 0.5, 2.0, 0.0 | 619.95
1.5, 6.0, -0.5, 2.0, 0.0 | 164.65
0.5, 5.9, 0.5, 2.3, 0.0 | 1000.0
0.5, 5.9, 0.6, 2.0, 0.0 | 1000.0
0.0, 5.8, 0.6, 2.0, 0.0 | 1000.0
1.4, 5.9, 0.8, 2.0, 0.0 | 1000.0
0.2, 5.9, 0.5, 2.0, 0.0 | 1000.0
0.2, 5.5, 0.5, 2.0, 0.0 | 1000.0
0.8, 6.0, -0.4, 2.0, 0.0 | 207.65
0.8, 6.0, -0.6, 2.0, 0.0 | 181.7
0.3, 5.5, 0.5, 2.0, 0.0 | 1000.0
0.5, 6.0, 0.5, 2.0, 0.0 | 1000.0
0.6, 5.3, 1.0, 2.0, 0.0 | 1000.0
0.7, 6.0, -0.2, 2.0, 0.0 | 247.5
0.9, 5.8, 0.6, 2.2, 0.0 | 1000.0
0.8, 6.0, 0.5, 2.0, 0.0 | 1000.0
0.1, 6.0, 0.5, 1.0, 0.0 | 1000.0
0.5, 6.0, 0.6, 3.0, 0.0 | 868.15
0.3, 6.0, 0.8, 1.0, 0.0 | 1000.0
0.6, 5.8, 0.6, 2.2, 0.2 | 1000.0
0.5, 5.0, 0.5, 2.0, 0.0 | 1000.0
0.6, 6.0, 0.7, 2.0, 0.0 | 1000.0
0.2, 5.6, 0.5, 2.0, 0.0 | 1000.0
0.3, 5.9, 0.4, 2.5, 0.0 | 1000.0
-0.8, 5.9, 0.5, 2.0, 0.0 | 150.2
0.0, 5.8, 0.6, 2.0, 0.0 | 1000.0
1.1, 6.0, 0.5, 2.0, 0.0 | 806.4
0.0, 5.5, 0.5, 2.6, 0.0 | 1000.0
-1.0, 6.0, -2.0, 2.0, 0.0 | 49.8
0.8, 5.9, 0.5, 2.0, 0.0 | 1000.0
0.5, 5.9, 0.3, 2.2, 0.0 | 1000.0
0.7, 5.8, 0.6, 2.3, 0.0 | 1000.0
0.7, 6.0, 0.7, 2.0, 0.0 | 1000.0
0.4, 6.0, 0.5, 1.0, 0.0 | 1000.0
0.5, 5.8, 0.7, 2.2, 0.0 | 1000.0
-0.1, 5.8, 0.6, 2.0, 0.0 | 414.3
0.9, 5.9, 0.5, 2.0, 0.0 | 1000.0
0.0, 5.3, 0.5, 2.0, 0.0 | 1000.0
0.5, 5.8, 0.5, 2.1, 0.0 | 1000.0
0.2, 5.8, 0.5, 2.0, 0.0 | 1000.0
0.1, 5.9, 0.5, 2.0, 0.0 | 1000.0
0.2, 5.9, 0.6, 2.3, 0.0 | 1000.0
0.0, 5.0, 0.5, 2.0, 0.0 | 1000.0
-2.2, 6.0, -0.5, 2.0, 0.0 | 76.0
0.8, 5.6, 0.6, 1.8, 0.0 | 1000.0
0.0, 6.0, 2.0, 2.0, 0.0 | 1000.0
0.0, 5.8, 0.5, 2.5, 0.0 | 1000.0
0.0, 5.8, 1.8, 2.3, 0.0 | 1000.0
0.0, 5.0, 0.5, 2.0, 0.0 | 1000.0
0.3, 6.0, 0.5, 2.0, 0.0 | 1000.0
1.5, 6.0, 0.5, 2.0, 0.0 | 370.3
-1.0, 5.5, 0.5, 2.0, 0.0 | 139.85
0.3, 5.8, 0.4, 2.3, 0.0 | 1000.0
0.6, 5.6, 0.8, 2.0, 0.0 | 1000.0
1.3, 5.8, 0.7, 2.0, 0.0 | 915.15
0.5, 6.0, 0.5, 2.0, 0.0 | 1000.0
1.6, 5.8, 0.5, 2.0, 0.0 | 283.35
1.0, 6.0, 0.6, 2.0, 0.0 | 1000.0
-0.1, 5.5, 0.5, 2.0, 0.0 | 359.35
0.6, 6.0, 1.5, 1.0, 0.0 | 1000.0
-0.2, 6.0, -0.5, 3.0, 0.0 | 50.9
0.0, 5.8, 0.8, 2.0, 0.0 | 1000.0
0.5, 6.0, 0.5, 1.2, 0.0 | 1000.0
-2.0, -6.0, -3.0, -6.0, 0.0 | 4.1
0.7, 6.0, 0.6, 2.0, 0.0 | 1000.0
0.0, 5.8, 0.5, 2.5, 0.0 | 1000.0
0.6, 6.0, -0.4, 1.8, 0.0 | 214.4
0.2, 5.8, 0.9, 2.3, 0.0 | 1000.0
-0.5, 6.0, -0.5, 2.0, 0.0 | 124.85
0.3, 5.6, 0.5, 2.3, 0.0 | 1000.0
1.5, 6.0, -0.4, 2.0, 0.0 | 169.2
0.9, 5.8, 0.5, 2.0, 0.0 | 1000.0
0.1, 6.0, 0.7, 2.0, 0.0 | 1000.0
-0.9, 5.6, 0.5, 2.0, 0.0 | 144.1
0.9, 6.0, -0.4, 2.0, 0.0 | 192.25
0.5, 6.0, 0.5, 2.0, 0.0 | 1000.0
0.5, 5.3, 0.5, 2.0, 0.0 | 1000.0
0.0, 6.0, 0.6, 2.0, 0.0 | 1000.0
0.0, 5.6, 0.6, 2.0, 0.0 | 1000.0
0.6, 6.0, 2.0, 2.5, 0.0 | 1000.0
-0.4, 5.8, 0.6, 2.2, 0.0 | 215.1
0.0, 5.8, 3.0, 2.5, 0.0 | 1000.0
-0.3, 6.0, 0.5, 2.0, 0.0 | 239.2
0.0, 5.8, 0.5, 2.4, 0.0 | 1000.0
0.5, 6.0, 1.0, 2.0, 0.0 | 1000.0
0.0, 5.8, 3.5, 2.5, 0.0 | 1000.0
0.0, 5.8, 0.5, 2.6, 0.0 | 1000.0
-0.2, 5.8, 0.5, 2.0, 0.0 | 282.55
0.0, 5.9, 2.0, 2.5, 0.0 | 1000.0
0.5, 5.5, 0.5, 2.0, 0.0 | 1000.0
0.9, 5.9, 0.8, 1.4, 0.0 | 1000.0
0.2, 5.8, 0.6, 2.0, 0.0 | 1000.0
0.5, 6.0, 0.5, 2.0, 1.0 | 36.85
0.6, 6.0, 0.6, 1.3, 0.0 | 1000.0
0.0, 5.8, 0.5, 2.0, 0.0 | 1000.0
-2.0, 6.0, -2.0, 3.0, 0.0 | 27.2
0.1, 5.0, 0.6, 2.0, 0.0 | 1000.0
0.2, 5.4, 0.7, 2.6, 0.0 | 1000.0
0.8, 5.9, 1.2, 2.3, 0.0 | 1000.0
0.9, 5.4, 0.8, 2.0, 0.0 | 1000.0
0.3, 5.6, 0.4, 2.5, 0.0 | 1000.0
0.0, 5.8, 0.5, 2.0, 1.0 | 36.25
1.0, 5.9, 0.5, 2.0, 0.0 | 994.75
0.0, 5.5, 1.0, 2.0, 0.0 | 1000.0
0.0, 5.8, 0.8, 2.7, 0.3 | 85.5
0.5, 5.6, 0.7, 2.0, 0.0 | 1000.0
0.2, 5.7, 0.5, 2.0, 0.0 | 1000.0
-0.4, 5.7, 0.6, 2.1, 0.0 | 236.1
0.6, 6.0, 0.5, 1.5, 0.0 | 1000.0
0.1, 5.4, 0.5, 2.0, 0.0 | 1000.0
0.0, 6.0, 0.6, 2.0, 0.0 | 1000.0
0.2, 5.5, 0.5, 2.0, 0.0 | 1000.0
0.5, 6.0, 2.0, 3.0, 0.0 | 1000.0
0.7, 5.8, 0.9, 2.0, 0.0 | 1000.0
0.6, 5.8, 0.6, 2.3, 0.0 | 1000.0
0.6, 6.0, 0.5, 1.8, 0.0 | 1000.0
1.5, 5.4, 0.5, 2.0, 0.0 | 277.65
0.9, 5.4, 0.6, 2.1, 0.0 | 1000.0
0.9, 5.7, 0.6, 2.0, 0.0 | 1000.0
2.0, 5.1, 4.0, 2.5, 0.0 | 68.0
0.2, 5.6, 0.6, 2.1, 0.0 | 1000.0
1.0, 6.0, 2.5, 2.0, 0.0 | 1000.0
-1.0, 6.0, -1.0, 3.0, 0.0 | 38.9
0.4, 5.6, 0.6, 2.0, 0.0 | 1000.0
0.5, 5.1, 0.3, 2.4, 0.0 | 918.7
0.0, 6.0, 0.4, 1.6, 0.0 | 995.4
1.5, 5.5, 0.6, 2.2, 0.0 | 323.95
0.0, 6.0, 0.8, 1.0, 0.0 | 1000.0
0.7, 5.5, 0.5, 1.0, 0.0 | 1000.0
-0.2, 5.8, 0.5, 2.0, 0.0 | 261.65
0.5, 6.0, 1.8, 1.8, 0.0 | 1000.0
0.1, 5.4, 0.7, 2.3, 0.0 | 1000.0
-2.0, 6.0, -1.0, 3.0, 0.0 | 35.75
0.5, 5.8, 0.6, 2.2, 0.0 | 1000.0
0.1, 5.9, 0.6, 2.2, 0.0 | 1000.0
0.8, 5.4, 0.5, 2.0, 0.0 | 1000.0
-1.0, -6.0, -2.0, -3.0, 0.0 | 5.3
-1.2, 6.0, -0.5, 2.0, 0.0 | 95.9
0.9, 6.0, -0.4, 2.0, 0.0 | 196.4
0.8, 5.6, 0.5, 2.4, 0.0 | 1000.0
0.9, 5.6, 0.6, 2.2, 0.0 | 1000.0
1.5, 5.8, 0.5, 2.0, 0.0 | 324.85
0.6, 5.5, 0.5, 2.0, 0.0 | 1000.0
0.8, 5.8, 0.5, 2.0, 0.0 | 1000.0
-0.5, 5.5, 0.5, 2.0, 0.0 | 201.3
0.2, 5.9, 0.7, 2.1, 0.0 | 1000.0
0.8, 5.5, 0.6, 2.0, 0.0 | 1000.0
0.5, 6.0, 0.5, 2.2, 0.0 | 1000.0
0.8, 6.0, -0.4, 4.0, 0.0 | 28.1
1.0, 5.0, 0.5, 2.0, 0.0 | 542.7
0.8, 5.6, 0.6, 2.2, 0.0 | 1000.0
0.4, 5.8, 0.5, 2.0, 0.0 | 1000.0
0.4, 5.8, 0.5, 2.0, 0.0 | 1000.0
-0.6, 5.9, 0.5, 2.0, 0.0 | 169.35
0.0, 5.7, 0.5, 2.0, 0.0 | 1000.0
0.2, 5.0, 0.5, 2.0, 0.0 | 1000.0
0.3, 5.9, 0.6, 2.1, 0.0 | 1000.0
0.0, 6.0, 0.7, 2.0, 0.0 | 1000.0
0.5, 5.6, 0.5, 2.0, 0.0 | 1000.0
0.2, 5.8, 0.4, 2.2, 0.0 | 1000.0
0.5, 5.6, 0.5, 2.4, 0.0 | 1000.0
0.0, 5.7, 0.5, 2.0, 0.0 | 1000.0
-0.2, 6.0, 0.5, 2.0, 0.0 | 277.75
1.3, 5.9, 0.6, 2.0, 0.0 | 622.55
0.4, 5.7, 0.8, 2.0, 0.0 | 1000.0
0.8, 5.8, 0.7, 2.3, 0.0 | 1000.0
0.0, 5.8, 0.5, 2.0, -0.2 | 84.8
0.2, 5.6, 0.8, 2.2, 0.0 | 1000.0
0.0, 5.6, 0.5, 2.1, 0.0 | 1000.0
0.5, 6.0, 0.6, 2.0, 0.0 | 1000.0
0.2, 5.7, 0.9, 2.1, 0.1 | 1000.0
0.4, 5.9, 0.5, 2.1, 0.0 | 1000.0
0.9, 5.5, 0.3, 2.1, 0.0 | 449.55
0.2, 6.0, 0.7, 1.8, 0.0 | 1000.0
0.0, 5.5, 0.5, 2.0, 0.0 | 1000.0
0.9, 6.0, 0.5, 2.0, 0.0 | 1000.0
0.5, 6.0, 1.5, 2.0, 0.0 | 1000.0
0.0, 5.8, 1.5, 2.0, 0.0 | 1000.0
0.2, 5.8, 0.6, 2.0, 0.0 | 1000.0
0.9, 5.5, 0.6, 2.0, 0.0 | 1000.0
-1.0, 6.0, 0.5, 2.0, 0.0 | 134.05
0.0, 5.9, 1.0, 2.8, 0.0 | 1000.0
-0.5, 5.8, 0.5, 2.0, 0.0 | 181.55
0.0, 5.7, 0.6, 2.0, 0.0 | 1000.0
0.6, 6.0, 0.6, 2.0, 0.0 | 1000.0
0.1, 6.0, 0.6, 2.0, 0.0 | 1000.0
-0.1, 6.0, 0.5, 2.0, 0.0 | 370.1
0.5, 6.0, 0.5, 1.5, 0.0 | 1000.0
0.2, 6.0, 0.5, 2.0, 0.0 | 1000.0
0.2, 5.6, 0.5, 2.0, 0.0 | 1000.0
0.7, 5.8, 0.7, 2.0, 0.0 | 1000.0
0.0, 6.0, 0.6, 2.0, 0.0 | 1000.0
0.9, 5.0, 0.8, 2.0, 0.0 | 1000.0
0.7, 6.0, 0.0, 2.0, 0.0 | 366.35
0.2, 5.9, 0.4, 2.2, 0.0 | 1000.0
0.3, 6.0, 0.5, 2.0, 0.0 | 1000.0
0.2, 5.8, 0.8, 2.0, 0.0 | 1000.0
0.7, 5.8, 0.6, 2.0, 0.0 | 1000.0
0.0, 5.8, 0.5, 2.0, 1.0 | 36.3
0.5, 5.8, 1.5, 2.0, 0.0 | 1000.0
0.9, 5.9, 0.5, 2.0, 0.0 | 1000.0
0.6, 5.8, 0.5, 2.0, 0.0 | 1000.0
0.6, 6.0, 0.5, 1.0, 0.0 | 1000.0
-0.5, 6.0, 0.5, 2.0, 0.0 | 193.35
0.5, 6.0, -0.5, 2.0, 0.0 | 203.0
0.4, 6.0, 0.5, 2.0, 0.0 | 1000.0
0.8, 5.9, 0.6, 2.5, 0.0 | 1000.0
0.9, 5.9, 2.0, 2.4, 0.0 | 1000.0
0.2, 5.0, 3.0, 2.5, 0.0 | 1000.0
1.0, 5.8, 0.6, 2.1, 0.0 | 1000.0
-0.3, 5.8, 0.6, 2.0, 0.0 | 234.7
0.3, 5.5, 0.5, 2.0, 0.0 | 1000.0
0.0, 5.9, 0.5, 2.0, 0.0 | 1000.0
0.8, 5.8, 1.5, 2.0, 0.0 | 1000.0
0.6, 5.8, 0.5, 2.0, 0.0 | 1000.0
-0.4, 6.0, 0.5, 2.0, 0.0 | 200.15
0.7, 6.0, 0.5, 1.0, 0.0 | 1000.0
0.2, 5.7, 0.5, 2.0, 0.0 | 1000.0
0.3, 5.2, 0.5, 2.0, 0.0 | 1000.0
-3.0, -6.0, -4.0, -3.0, 0.0 | 6.45
0.1, 5.5, 0.5, 2.0, 0.0 | 1000.0
0.2, 6.0, 0.6, 1.8, 0.0 | 1000.0
1.5, 5.8, 0.5, 2.0, 0.0 | 325.5
0.8, 6.0, 0.2, 2.2, 0.0 | 481.25
-0.2, 5.8, 0.5, 2.0, 0.5 | 50.15
1.0, 5.4, 1.0, 2.0, 0.0 | 1000.0
0.1, 5.4, 0.5, 2.0, 0.0 | 1000.0
0.7, 6.0, -0.3, 2.0, 0.0 | 227.55
0.5, 5.8, 0.6, 2.2, 0.0 | 1000.0
-1.0, 6.0, -1.0, 2.0, 0.0 | 71.95
0.2, 5.6, 0.8, 2.2, 0.0 | 1000.0
0.4, 5.8, 0.5, 2.0, 0.0 | 1000.0
-0.1, 5.8, 0.5, 2.2, 0.0 | 382.5
0.0, 6.0, 0.5, 2.0, 0.0 | 1000.0
0.5, 5.9, 0.8, 2.2, 0.0 | 1000.0
0.5, 5.7, 0.7, 2.0, 0.0 | 1000.0
-2.0, -6.0, -3.0, -2.0, 0.0 | 7.5
0.5, 6.0, 0.7, 2.0, 0.0 | 1000.0
-1.2, 5.0, -0.5, 2.0, 0.0 | 81.65
0.0, 5.8, 0.5, 2.5, 0.0 | 1000.0
0.0, 5.7, 0.5, 2.0, 0.0 | 1000.0
0.9, 5.8, 0.4, 2.1, 0.0 | 736.45
0.0, 5.2, 0.5, 2.0, 0.0 | 1000.0
0.5, 5.4, 0.6, 2.0, 0.0 | 1000.0
0.5, 6.0, 0.5, 2.1, 0.0 | 1000.0
0.2, 6.0, 0.6, 2.0, 0.0 | 1000.0
0.0, 5.8, 0.7, 1.5, 0.0 | 1000.0
0.7, 6.0, 0.6, 2.0, 0.0 | 1000.0
0.5, 6.0, -0.4, 2.0, -0.5 | 44.35
0.4, 5.8, 0.5, 2.1, 0.0 | 1000.0
0.6, 5.8, 0.6, 2.0, 0.0 | 1000.0
0.6, 5.8, 0.5, 2.0, 0.0 | 1000.0
0.3, 5.9, 0.6, 2.0, 0.0 | 1000.0
1.0, 6.0, 0.5, 2.0, 0.0 | 1000.0
1.7, 6.0, 0.5, 2.0, 0.0 | 311.8
0.2, 6.0, 0.5, 1.5, 0.0 | 1000.0
0.7, 6.0, -0.4, 2.1, 0.0 | 205.25
0.2, 6.0, 0.8, 1.5, 0.0 | 1000.0
0.2, 5.2, 0.5, 2.0, 0.0 | 1000.0
0.2, 5.7, 0.9, 2.0, 0.0 | 1000.0
0.5, 5.8, 0.7, 2.3, 0.0 | 1000.0
0.0, 5.8, 0.4, 2.2, 0.0 | 998.0
0.9, 6.0, 0.5, 2.0, 0.0 | 1000.0
0.9, 5.5, 0.7, 1.8, 0.0 | 1000.0
0.5, 5.8, 0.9, 2.0, 0.0 | 1000.0
0.5, 5.8, 0.5, 2.0, 1.0 | 36.65
0.2, 6.0, 0.5, 2.0, 0.0 | 1000.0
0.5, 6.0, 0.9, 2.0, 0.0 | 1000.0
1.2, 6.0, 0.5, 2.0, 0.0 | 597.7
0.5, 5.8, 0.5, 2.0, 0.0 | 1000.0
0.9, 6.0, 0.8, 2.0, 0.0 | 1000.0
0.0, 6.0, -0.5, 2.0, 0.0 | 143.05
0.3, 5.7, 0.5, 2.2, 0.1 | 1000.0
1.0, 5.8, 0.5, 2.0, 0.0 | 974.4
1.3, 5.8, 0.4, 2.2, 0.0 | 334.3
0.9, 5.8, 0.5, 2.0, 0.2 | 852.2
0.9, 5.5, 0.4, 2.0, 0.0 | 634.2
0.8, 6.0, 0.9, 1.6, 0.0 | 1000.0
0.8, 5.8, 1.0, 2.0, 0.0 | 1000.0
0.7, 5.9, 0.6, 2.3, 0.0 | 1000.0
1.0, 5.0, 1.0, 2.0, 0.0 | 1000.0
1.0, 6.0, 0.6, 2.0, 0.0 | 1000.0
2.0, 5.5, 0.5, 2.0, 0.0 | 194.7
0.8, 6.0, 0.5, 2.5, 0.0 | 1000.0
-0.2, 5.6, 0.6, 2.3, 0.0 | 295.45
0.6, 6.0, -0.4, 2.0, 0.0 | 213.55
0.8, 5.0, 0.7, 2.0, 0.0 | 1000.0
0.3, 5.8, 0.5, 2.0, 0.0 | 1000.0
-1.2, 6.0, -0.5, 3.0, 0.0 | 47.4
1.2, 5.5, 0.5, 2.0, 0.0 | 459.6
0.5, 5.0, 0.5, 2.0, 0.0 | 1000.0
0.9, 5.8, 0.5, 2.0, 0.0 | 1000.0
0.5, 6.0, -0.3, 2.5, 0.0 | 171.75
0.0, 5.5, 0.5, 2.0, 0.0 | 1000.0
-2.0, 6.0, -1.0, 2.0, 0.0 | 65.9
-0.6, 6.0, 0.6, 2.0, 0.0 | 184.3
0.0, 5.0, 0.5, 2.0, 0.0 | 1000.0
-1.0, 6.0, -0.5, 2.0, 0.0 | 95.0
0.6, 5.7, 0.9, 2.4, 0.0 | 1000.0
1.4, 5.6, 0.6, 2.0, 0.0 | 414.55
-0.4, 5.8, 2.0, 2.0, 0.0 | 503.35
-0.2, 5.8, 2.0, 3.0, 0.0 | 780.2
-1.0, 5.8, 2.5, 2.5, 0.0 | 352.15
0.5, 5.1, 3.0, 3.0, 0.0 | 1000.0
-0.5, 5.9, 3.0, 3.0, 0.0 | 634.7
0.3, 5.5, 2.5, 2.5, 0.0 | 1000.0
-0.5, 5.9, 3.0, 3.0, 0.0 | 616.95
0.0, 5.9, 2.3, 2.3, 0.0 | 1000.0
0.7, 5.8, 3.0, 3.0, 0.0 | 1000.0
0.5, 5.9, 2.0, 3.0, 0.0 | 1000.0
-1.0, 6.0, 0.0, 2.0, 0.0 | 118.3
-1.0, 6.0, -1.0, 6.0, 0.0 | 17.35
0.9, 5.5, 2.5, 2.5, 0.0 | 1000.0
1.0, 5.9, 2.5, 2.5, 0.0 | 1000.0
1.6, 5.8, 3.0, 3.0, 0.0 | 1000.0
0.4, 5.9, 2.5, 2.5, 0.0 | 1000.0
0.6, 5.9, 3.0, 3.0, 0.5 | 1000.0
1.0, 5.8, 3.0, 3.0, 0.0 | 1000.0
0.0, 5.5, 3.0, 3.0, 0.0 | 1000.0
0.0, 6.0, 3.0, 3.0, 0.0 | 1000.0
-0.5, 5.8, 3.0, 3.0, 0.0 | 602.05
-0.5, 5.8, 3.0, 3.0, 0.0 | 604.9
1.0, 5.9, 2.0, 2.0, 0.0 | 1000.0
2.5, 5.9, 2.5, 2.5, 0.0 | 369.9
2.0, 5.8, 3.0, 3.0, 0.0 | 494.5
0.4, 5.8, 2.5, 2.5, 0.0 | 1000.0
0.0, 5.0, 3.0, 3.0, 0.0 | 1000.0
0.0, 5.0, 2.0, 2.0, 0.0 | 1000.0
0.6, 5.9, 2.8, 3.2, 0.2 | 1000.0
-0.2, 5.8, 2.6, 2.6, 0.0 | 986.5
-1.0, 6.0, 4.0, 3.0, 0.0 | 498.8
2.0, 5.6, 2.0, 2.0, 0.0 | 986.2
0.5, 5.8, 2.0, 2.0, 0.0 | 1000.0
0.1, 5.8, 2.0, 2.0, 0.0 | 1000.0
1.5, 6.0, 3.0, 3.0, 0.0 | 1000.0
-1.0, 4.0, -2.0, 4.0, 0.0 | 20.55
0.2, 5.5, 3.0, 3.0, 0.0 | 1000.0
0.0, 5.8, 2.0, 2.0, 0.0 | 1000.0
-1.0, 5.8, 2.0, 2.0, 0.0 | 299.25
0.0, 5.8, 4.0, 2.0, 0.0 | 43.05
0.5, 6.0, 3.0, 3.0, 0.0 | 1000.0
1.2, 5.8, 3.0, 3.0, 0.0 | 1000.0
0.9, 5.8, 2.5, 2.5, 0.0 | 1000.0
-1.0, 6.0, 0.0, 4.0, 0.0 | 31.55
0.0, 5.9, 3.0, 2.0, 0.0 | 1000.0
0.6, 6.0, 2.5, 2.5, 0.0 | 1000.0
-1.0, 6.0, 3.0, 2.0, 0.0 | 378.7
0.1, 5.9, 2.5, 2.5, 0.0 | 1000.0
0.0, 5.5, 2.5, 2.5, 0.0 | 1000.0
0.3, 5.7, 2.7, 2.7, 0.0 | 1000.0
2.0, 5.6, 2.2, 2.2, 0.0 | 753.05
1.7, 5.9, 3.0, 3.0, 0.0 | 1000.0
0.4, 5.9, 3.0, 3.0, 0.0 | 1000.0
1.2, 5.9, 2.2, 2.2, 0.0 | 1000.0
-0.4, 5.7, 2.5, 3.5, 0.0 | 612.95
0.2, 5.9, 3.0, 3.0, 0.0 | 1000.0
-0.2, 5.5, 3.0, 3.0, 0.0 | 1000.0
-1.0, 5.8, 3.0, 3.0, 0.0 | 379.7
-0.2, 5.8, 3.0, 3.0, 0.0 | 1000.0
-0.7, 5.8, 3.0, 3.0, 0.0 | 479.2
-3.0, 5.0, -1.0, 5.0, 0.0 | 18.55
-1.0, 5.0, 0.0, 4.0, 0.0 | 29.75
0.0, 6.0, 3.0, 3.0, 0.0 | 1000.0
0.0, 6.0, 3.0, 3.0, 0.0 | 1000.0
-0.3, 5.2, 3.0, 3.0, 0.0 | 929.7
-2.0, 5.0, -1.0, 5.0, 0.0 | 20.65
0.0, 6.0, 2.4, 2.4, 0.0 | 1000.0
-0.5, 6.0, -0.5, 6.0, 0.0 | 16.25
0.0, 5.4, 3.0, 3.0, 0.0 | 1000.0
0.1, 5.9, 3.0, 3.0, 0.0 | 1000.0
-0.4, 6.0, 3.0, 3.0, 0.0 | 749.3
2.0, 5.9, 3.0, 3.0, 0.0 | 597.75
-0.6, 5.2, 3.0, 3.0, 0.0 | 589.3
0.2, 5.8, 2.0, 2.0, 0.0 | 1000.0
-1.0, 5.0, -2.0, 5.0, 0.0 | 17.05
-1.0, 5.0, 0.0, 5.0, 0.0 | 21.1
3.0, 5.8, 2.0, 2.0, 0.0 | 211.3
0.2, 5.9, 3.0, 3.0, 0.0 | 1000.0
0.6, 5.8, 2.0, 3.0, 0.0 | 1000.0
0.5, 5.8, 3.0, 3.0, 0.3 | 1000.0
1.2, 5.9, 3.0, 3.0, 0.0 | 1000.0
0.0, 5.6, 2.4, 2.4, 0.0 | 1000.0
1.3, 5.8, 2.5, 2.5, 0.0 | 1000.0
0.0, 5.8, 4.0, 3.0, 0.0 | 1000.0
0.5, 5.8, 2.0, 2.0, 0.0 | 1000.0
0.1, 5.8, 3.0, 3.0, 0.0 | 1000.0
-1.0, 4.0, 0.0, 5.0, 0.0 | 18.55
-1.0, 4.0, -1.0, 4.0, 0.0 | 22.85
-0.1, 5.8, 3.0, 3.0, 0.0 | 1000.0
0.0, 5.0, 3.0, 3.0, 0.0 | 1000.0
0.0, 5.8, 4.0, 4.0, 0.0 | 1000.0
1.5, 5.8, 2.0, 2.0, 0.0 | 1000.0
-0.3, 5.9, 2.6, 2.6, 0.0 | 759.65
0.9, 5.8, 3.0, 3.0, 0.0 | 1000.0
-0.1, 5.7, 3.0, 3.0, 0.0 | 1000.0
0.9, 5.9, 2.8, 2.8, 0.0 | 1000.0
0.0, 5.6, 2.5, 2.5, 0.0 | 1000.0
0.6, 5.8, 3.0, 3.0, 0.0 | 1000.0
2.0, 5.9, 2.5, 2.5, 0.0 | 997.5
0.3, 5.8, 2.0, 2.0, 0.0 | 1000.0
0.2, 5.9, 2.2, 2.8, 0.0 | 1000.0
-1.0, 4.0, -1.0, 4.0, 0.0 | 23.25
1.8, 5.8, 2.5, 2.5, 0.0 | 1000.0
0.8, 5.7, 3.0, 3.0, 0.0 | 1000.0
-1.5, 5.8, 2.5, 2.5, 0.0 | 245.75
1.1, 5.5, 3.0, 3.0, 0.0 | 1000.0
0.0, 5.5, 4.0, 4.0, 0.0 | 1000.0
0.7, 5.5, 2.4, 2.4, 0.0 | 1000.0
-1.0, 6.0, 2.0, 2.0, 0.0 | 292.05
0.0, 5.5, 3.0, 3.0, 0.0 | 1000.0
0.1, 5.9, 2.8, 2.8, 0.0 | 1000.0
-0.6, 5.8, 2.0, 2.0, 0.0 | 376.45
-0.6, 5.8, 3.0, 3.0, 0.0 | 566.45
0.0, 5.9, 3.0, 3.0, 0.0 | 1000.0
0.6, 5.9, 2.5, 2.5, 0.0 | 1000.0
0.0, 5.4, 3.0, 3.0, 0.0 | 1000.0
0.1, 5.8, 3.0, 3.0, 0.0 | 1000.0
0.0, 5.3, 3.0, 3.0, 0.0 | 1000.0
0.3, 5.5, 3.0, 3.0, 0.0 | 1000.0
2.0, 5.8, 2.6, 2.6, 0.0 | 701.3
0.0, 5.5, 3.0, 3.0, 0.0 | 1000.0
0.2, 6.0, 3.0, 3.0, 0.0 | 1000.0
0.9, 6.0, 2.5, 2.5, 0.0 | 1000.0
0.0, 5.7, 2.0, 2.0, 0.0 | 1000.0
1.0, 5.5, 3.0, 3.0, 0.0 | 1000.0
-0.2, 5.8, 3.0, 3.0, 0.0 | 1000.0
1.5, 5.9, 3.0, 3.0, 0.0 | 1000.0
0.9, 5.9, 2.6, 2.6, 0.0 | 1000.0
-0.8, 5.0, -0.8, 5.2, 0.0 | 17.85
-0.3, 5.6, 2.5, 2.5, 0.0 | 739.8
2.5, 5.9, 2.5, 2.5, 0.0 | 351.2
-0.3, 5.8, 3.0, 3.0, 0.0 | 883.15
-0.2, 5.9, 3.0, 3.0, 0.0 | 1000.0
0.0, 5.8, 2.0, 4.0, 0.0 | 155.15
-0.6, 5.8, 2.2, 2.8, 0.0 | 397.15
1.6, 5.9, 2.3, 2.3, 0.0 | 1000.0
0.5, 5.9, 2.2, 2.8, 0.0 | 1000.0
-0.2, 5.8, 3.0, 3.0, 0.0 | 1000.0
1.1, 5.9, 2.5, 2.5, 0.0 | 1000.0
0.7, 5.8, 2.5, 2.5, 0.0 | 1000.0
1.0, 5.8, 2.0, 2.0, 0.0 | 1000.0
0.2, 5.8, 2.6, 2.6, 0.0 | 1000.0
-0.8, 5.8, 3.0, 3.0, 0.0 | 489.4
-6.0, 6.0, -6.0, 6.0, 0.0 | 15.2
1.0, 5.7, 3.0, 3.0, 0.0 | 1000.0
0.2, 5.9, 2.5, 2.5, 0.0 | 1000.0
1.5, 5.7, 2.5, 2.5, 0.0 | 1000.0
-0.4, 5.9, 2.5, 2.5, 0.0 | 616.7
-0.1, 5.8, 2.0, 2.0, 0.0 | 1000.0
0.7, 5.3, 3.0, 3.0, 0.0 | 1000.0
2.0, 5.8, 3.0, 3.0, 0.0 | 571.7
-0.2, 5.9, 2.6, 2.6, 0.0 | 981.35
0.0, 5.8, 2.9, 2.9, 0.0 | 1000.0
1.5, 5.8, 2.5, 2.5, 0.0 | 1000.0
0.4, 5.9, 3.0, 3.0, 0.0 | 1000.0
0.5, 5.9, 3.0, 3.0, 0.0 | 1000.0
0.5, 5.9, 2.5, 2.5, 0.0 | 1000.0
0.7, 5.9, 3.0, 3.0, 0.0 | 1000.0
0.6, 5.8, 3.0, 3.0, 0.0 | 1000.0
0.0, 5.8, 3.0, 4.0, 0.0 | 1000.0
-1.0, 5.0, -1.0, 5.0, 1.0 | 19.5
0.0, 5.8, 3.0, 2.0, 0.0 | 1000.0
0.1, 6.0, 3.0, 3.0, 0.0 | 1000.0
-2.0, 6.0, -1.0, 6.0, 0.0 | 18.0
-0.1, 5.9, 3.0, 3.0, 0.0 | 1000.0
0.0, 5.8, 2.5, 2.5, 0.0 | 1000.0
-1.0, 6.0, 3.0, 3.0, 0.0 | 370.05
1.4, 5.9, 2.5, 2.5, 0.0 | 1000.0
-0.5, 5.5, -0.5, 5.5, 0.0 | 17.55
-0.7, 5.8, 2.6, 2.6, 0.2 | 160.95
-1.0, 6.0, 0.0, 1.0, 0.0 | 113.6
0.0, 5.8, 2.2, 2.2, 0.0 | 1000.0
2.0, 5.5, 3.0, 3.0, 0.0 | 346.05
1.5, 5.9, 3.0, 3.0, 0.0 | 1000.0
0.0, 6.0, 3.0, 3.0, 0.0 | 1000.0
-0.1, 5.8, 2.5, 2.5, 0.0 | 1000.0
0.0, 5.5, 3.0, 3.0, 0.0 | 1000.0
-1.0, 5.8, 3.0, 3.0, 0.0 | 366.7
-1.5, 5.9, 3.0, 3.0, 0.0 | 304.1
1.5, 5.8, 3.0, 3.0, 0.0 | 1000.0
0.1, 5.8, 2.5, 2.5, 0.0 | 1000.0
0.0, 5.8, 2.2, 2.2, 0.0 | 1000.0
0.0, 5.1, 3.0, 3.0, 0.0 | 1000.0
0.3, 5.9, 2.5, 2.5, 0.0 | 1000.0
0.2, 5.0, 3.0, 3.0, 0.0 | 1000.0
1.7, 5.9, 2.5, 2.5, 0.0 | 1000.0
0.2, 5.8, 2.5, 2.5, 0.0 | 1000.0
1.0, 5.8, 2.5, 2.5, 0.0 | 1000.0
-0.8, 5.8, 2.9, 2.9, 0.0 | 452.6
0.0, 5.9, 3.0, 3.0, 0.0 | 1000.0
-3.0, 5.8, 3.0, 3.0, 0.0 | 164.4
0.6, 5.9, 2.5, 2.5, 0.0 | 1000.0
0.0, 5.8, 2.0, 3.0, 0.0 | 1000.0
0.3, 5.9, 3.0, 3.0, 0.0 | 1000.0
0.8, 5.7, 2.9, 2.9, 0.0 | 1000.0
-3.0, 6.0, -2.0, 6.0, 0.0 | 15.35
1.0, 5.5, 3.0, 3.0, 0.0 | 1000.0
-0.5, 5.7, 2.0, 2.0, 0.0 | 436.55
0.5, 5.8, 2.0, 2.0, 0.0 | 1000.0
1.0, 5.8, 3.0, 3.0, 0.0 | 1000.0
1.1, 5.8, 3.0, 3.0, 0.0 | 1000.0
1.0, 6.0, 2.9, 2.9, 0.0 | 1000.0
1.6, 5.8, 2.0, 2.0, 0.0 | 1000.0
0.9, 5.9, 2.9, 2.9, 0.0 | 1000.0
0.0, 5.8, 3.5, 3.5, 0.0 | 1000.0
0.0, 5.9, 3.0, 3.0, 0.0 | 1000.0
0.2, 5.8, 2.1, 2.9, 0.0 | 1000.0
0.0, 5.6, 2.5, 2.5, 0.0 | 1000.0
-0.3, 5.9, 3.0, 3.0, 0.0 | 880.6
-0.2, 5.9, 2.0, 2.0, 0.0 | 792.7
0.4, 5.8, 2.5, 2.5, 0.0 | 1000.0
-0.2, 5.9, 3.0, 3.0, 0.0 | 1000.0
0.0, 5.6, 3.0, 3.0, 0.0 | 1000.0
-0.8, 5.9, 2.8, 2.8, 0.0 | 431.2
0.2, 5.7, 2.6, 2.6, 0.0 | 1000.0
-0.1, 5.8, 3.0, 3.0, 0.0 | 1000.0
1.3, 5.8, 3.5, 3.5, 0.0 | 1000.0
3.0, 6.0, 2.0, 2.0, 0.0 | 246.5
0.8, 5.8, 4.0, 3.0, 0.0 | 522.0
-0.2, 5.8, 2.5, 2.5, 0.0 | 955.8
0.6, 5.6, 2.0, 2.0, 0.0 | 1000.0
0.5, 5.8, 2.0, 2.0, 0.0 | 1000.0
-1.0, 5.0, -1.0, 5.0, 0.0 | 21.1
-2.0, 5.8, 3.0, 3.0, 0.0 | 217.95
0.8, 5.3, 3.0, 3.0, 0.0 | 1000.0
0.0, 5.8, 2.0, 2.0, 0.0 | 1000.0
-0.9, 5.4, 3.0, 3.0, 0.0 | 393.25
0.1, 5.0, 3.0, 3.0, 0.0 | 1000.0
0.0, 5.8, 2.0, 4.0, 0.0 | 146.8
0.8, 5.9, 2.0, 2.0, 0.0 | 1000.0
-0.4, 5.9, 3.0, 3.0, 0.0 | 714.7
-1.0, 5.8, 2.5, 2.5, 0.0 | 322.85
-1.0, 6.0, -1.0, 6.0, 0.0 | 16.75
0.0, 5.8, 3.8, 3.8, 0.0 | 1000.0
1.9, 5.8, 2.7, 2.7, 0.0 | 809.05
0.0, 5.6, 3.5, 3.5, 0.0 | 1000.0
-2.0, 5.0, -1.0, 6.0, 0.0 | 17.45
-1.0, 5.0, -1.0, 6.0, 0.0 | 15.1
0.0, 5.8, 3.0, 3.0, 0.0 | 1000.0
2.0, 5.8, 3.0, 3.0, 0.0 | 545.9
0.6, 5.9, 3.0, 3.0, 0.0 | 1000.0
0.1, 5.6, 2.0, 2.0, 0.0 | 1000.0
0.1, 5.9, 2.5, 2.5, 0.0 | 1000.0
-0.5, 5.9, 2.5, 2.5, 0.0 | 510.2
0.5, 5.5, 3.0, 3.0, 0.0 | 1000.0
2.0, 5.8, 2.0, 2.0, 0.0 | 1000.0
0.0, 5.8, 2.5, 2.5, 0.0 | 1000.0
0.1, 5.8, 3.0, 3.0, 0.0 | 1000.0
-1.0, 6.0, 3.0, 3.0, 0.0 | 384.3
0.0, 5.5, 2.0, 4.0, 0.0 | 128.05
0.2, 6.0, 2.0, 3.0, 0.0 | 1000.0
1.8, 5.9, 2.5, 2.5, 0.0 | 1000.0
0.0, 6.0, 3.0, 3.0, 0.0 | 1000.0
0.4, 5.9, 2.5, 2.5, 0.0 | 1000.0
-3.0, 5.8, 3.0, 3.0, 0.0 | 180.0
-0.2, 5.4, 3.0, 3.0, 0.0 | 1000.0
1.2, 5.8, 3.0, 3.0, 0.5 | 1000.0
0.4, 5.7, 3.0, 3.0, 0.0 | 1000.0
0.8, 5.9, 2.8, 2.8, 0.0 | 1000.0
0.0, 5.8, 2.7, 2.7, 0.0 | 1000.0
0.0, 6.0, 2.5, 2.5, 0.0 | 1000.0
1.3, 5.5, 2.0, 2.0, 0.0 | 1000.0
0.5, 5.8, 3.0, 3.0, 0.0 | 1000.0
1.4, 5.8, 3.0, 3.0, 0.0 | 1000.0
-0.2, 5.6, 3.0, 3.0, 0.0 | 1000.0
-0.7, 5.8, 2.5, 2.5, 0.0 | 430.65
-0.3, 5.8, 2.5, 2.5, 0.0 | 735.8
1.0, 5.5, 2.5, 2.5, 0.0 | 1000.0
0.2, 5.8, 3.0, 3.0, 0.0 | 1000.0
-1.0, 5.8, 3.0, 3.0, 0.0 | 362.8
0.0, 5.7, 2.5, 2.5, 0.0 | 1000.0
-0.2, 5.9, 2.5, 2.5, 0.0 | 971.6
0.9, 5.6, 2.6, 2.6, 0.0 | 1000.0
0.4, 5.5, 3.0, 3.0, 0.0 | 1000.0
0.0, 5.8, 3.0, 3.0, 0.0 | 1000.0
1.0, 6.0, 3.0, 3.0, 0.0 | 1000.0
0.9, 5.6, 3.0, 3.0, 0.0 | 1000.0
0.0, 5.8, 3.2, 3.2, 0.0 | 1000.0
0.5, 5.8, 2.5, 2.5, 0.0 | 1000.0
0.0, 5.8, 2.5, 2.5, 0.3 | 230.65
0.2, 5.9, 2.5, 2.5, 0.0 | 1000.0
1.8, 5.9, 3.0, 3.0, 0.0 | 926.55
-0.1, 5.9, 2.5, 2.5, 0.0 | 1000.0
0.0, 5.9, 3.0, 3.0, 0.5 | 166.05
0.0, 5.2, 3.0, 3.0, 0.0 | 1000.0
1.0, 5.0, 3.0, 3.0, 0.0 | 806.7
0.0, 5.3, 3.0, 3.0, 0.0 | 1000.0
0.0, 5.9, 3.0, 3.0, 0.1 | 852.1
0.0, 5.8, 2.5, 2.5, 0.0 | 1000.0
0.0, 5.9, 2.0, 3.0, 0.0 | 1000.0
-0.6, 5.8, 3.0, 3.0, 0.0 | 575.4
0.8, 5.9, 3.0, 3.0, 0.0 | 1000.0
-0.2, 5.8, 3.0, 3.0, -0.5 | 136.05
0.0, 5.7, 3.0, 3.0, 0.0 | 1000.0
3.0, 5.8, 2.5, 2.5, 0.0 | 204.5
0.9, 5.9, 2.0, 2.0, 0.0 | 1000.0
1.7, 5.8, 3.0, 3.0, 0.0 | 926.8
0.0, 5.9, 2.5, 2.5, 0.0 | 1000.0
0.2, 5.7, 2.8, 2.8, 0.0 | 1000.0
0.0, 5.9, 2.6, 2.6, 0.0 | 1000.0
0.4, 5.9, 3.0, 3.0, 0.0 | 1000.0
-0.4, 5.8, 2.5, 2.5, 0.0 | 593.9
0.3, 5.2, 3.0, 3.0, 0.0 | 1000.0
0.0, 5.9, 2.0, 2.0, 0.0 | 1000.0
-2.0, 6.0, -0.5, 6.0, 0.0 | 20.0
0.4, 5.8, 3.0, 3.0, 0.0 | 1000.0
-0.6, 5.9, 2.5, 2.5, 0.0 | 452.2
-2.0, 5.8, 2.5, 2.5, 0.0 | 209.95
0.3, 5.8, 3.0, 3.0, 0.0 | 1000.0
0.7, 5.8, 3.0, 3.0, 0.0 | 1000.0
0.3, 5.8, 2.6, 2.6, 0.0 | 1000.0
2.5, 5.8, 4.0, 4.0, 0.0 | 236.0
-0.2, 5.9, 2.0, 2.0, 0.0 | 798.55
0.5, 6.0, 2.8, 2.8, 0.0 | 1000.0
0.0, 5.6, 3.0, 3.0, 0.0 | 1000.0
-0.6, 5.9, 3.0, 3.0, 0.0 | 585.9
0.3, 5.8, 3.0, 3.0, 0.0 | 1000.0
0.0, 5.8, 3.0, 3.0, 0.0 | 1000.0
0.0, 5.9, 2.0, 2.0, 0.0 | 1000.0
-2.0, 6.0, -1.0, 5.0, 0.0 | 19.5
0.5, 5.8, 3.0, 4.0, 0.0 | 1000.0
-0.1, 5.9, 3.0, 3.0, 0.0 | 1000.0
0.0, 5.9, 2.0, 3.0, 0.0 | 1000.0
0.0, 5.7, 3.0, 3.0, 0.0 | 1000.0
1.0, 5.9, 2.5, 2.5, 0.0 | 1000.0
5.0, 5.8, 3.0, 3.0, 0.0 | 97.15
0.4, 5.8, 2.5, 2.5, 0.0 | 1000.0
0.0, 5.6, 3.0, 3.0, 0.0 | 1000.0
0.5, 5.8, 4.0, 4.0, 0.0 | 1000.0
-2.0, 6.0, -1.0, 6.0, 0.0 | 16.95
0.0, 5.8, 3.0, 3.0, 0.0 | 1000.0
1.9, 5.8, 3.0, 3.0, 0.0 | 606.55
2.1, 5.8, 2.5, 2.5, 0.0 | 649.85
-0.9, 5.6, 3.0, 3.0, 0.0 | 413.85
0.2, 5.6, 2.5, 2.5, 0.0 | 1000.0
0.0, 5.8, 3.0, 3.0, 1.0 | 86.05
-2.0, 5.0, -2.0, 5.0, 0.0 | 16.8
0.3, 5.6, 3.0, 3.0, 0.0 | 1000.0
-2.0, 6.0, -2.0, 6.0, 0.0 | 16.1
2.0, 6.0, 2.0, 2.0, 0.0 | 1000.0
1.0, 5.8, 3.0, 3.0, 0.0 | 1000.0
-0.3, 5.9, 2.5, 2.5, 0.0 | 729.8
0.5, 5.9, 3.0, 3.0, 0.5 | 1000.0
0.5, 5.0, 2.0, 2.0, 0.0 | 1000.0
-0.2, 6.0, 3.0, 3.0, 0.0 | 1000.0
0.9, 5.9, 3.0, 3.0, 0.0 | 1000.0
-0.3, 5.7, 3.0, 3.0, 0.0 | 891.0
-0.7, 5.8, 3.0, 3.0, 0.0 | 488.6
-1.0, 6.0, 0.0, 3.0, 0.0 | 68.9
0.6, 5.8, 2.5, 2.5, 0.0 | 1000.0
0.2, 6.0, 3.0, 3.0, 0.0 | 1000.0
-0.9, 5.8, 3.0, 3.0, 0.0 | 402.65
0.0, 5.8, 2.4, 2.4, 0.0 | 1000.0
-0.5, 6.0, 3.0, 3.0, 0.0 | 673.5
0.6, 5.9, 3.0, 3.0, 0.0 | 1000.0
0.8, 5.8, 3.0, 3.0, 0.0 | 1000.0
-1.0, 6.0, 4.0, 2.0, 0.0 | 51.6
-0.1, 5.6, 3.0, 3.0, 0.0 | 1000.0
0.3, 5.8, 3.0, 3.0, 0.0 | 1000.0
0.0, 5.9, 2.0, 2.0, 0.0 | 1000.0
1.2, 5.8, 2.5, 2.5, 0.0 | 1000.0
0.0, 5.7, 2.2, 2.2, 0.0 | 1000.0
-0.3, 5.8, 3.0, 3.0, 0.0 | 867.3
-0.8, 5.7, 3.2, 2.8, 0.0 | 457.35
-0.3, 5.8, 2.5, 2.5, 0.0 | 747.7
0.3, 5.9, 2.0, 2.0, 0.0 | 1000.0
0.2, 5.8, 3.0, 3.0, 0.0 | 1000.0
0.2, 5.6, 3.0, 3.0, 0.0 | 1000.0
0.1, 5.6, 3.0, 3.0, 0.0 | 1000.0
0.0, 5.8, 2.8, 2.8, 0.0 | 1000.0
0.5, 5.8, 4.0, 3.0, 0.0 | 879.9
-1.0, 4.0, 0.0, 4.0, 0.0 | 27.65
0.0, 5.8, 2.5, 2.5, 0.0 | 1000.0
-1.2, 5.9, 3.0, 3.0, 0.5 | 91.6
2.0, 5.9, 2.0, 2.0, 0.0 | 1000.0
0.0, 5.8, 2.5, 2.5, 0.5 | 139.6
1.4, 5.8, 3.0, 3.0, 0.0 | 1000.0
1.0, 5.9, 3.0, 3.0, 0.0 | 1000.0
0.8, 5.8, 3.0, 3.0, 0.0 | 1000.0
-0.2, 5.7, 2.5, 2.5, 0.0 | 957.9
-0.4, 5.6, 3.0, 3.0, 0.0 | 739.8
0.2, 5.7, 3.0, 3.0, 0.0 | 1000.0
0.2, 5.8, 3.0, 3.0, 0.0 | 1000.0
0.0, 6.0, 4.0, 4.0, 0.0 | 1000.0
1.0, 5.8, 2.5, 2.5, 0.0 | 1000.0
-1.0, 6.0, 1.0, 2.0, 0.0 | 174.1
1.3, 5.3, 4.0, 2.0, 0.0 | 34.85
0.0, 5.9, 2.8, 2.8, 0.0 | 1000.0
-1.0, 5.0, -1.0, 5.0, -0.5 | 14.55
-0.2, 5.6, 2.5, 2.5, 0.0 | 966.8
-0.1, 5.8, 2.0, 2.0, 0.0 | 1000.0
0.0, 5.9, 4.5, 4.5, 0.0 | 1000.0
-1.0, 6.0, 0.0, 4.0, 0.0 | 34.5
1.4, 5.9, 3.0, 3.0, 0.0 | 1000.0
-1.0, 6.0, -1.0, 5.0, 0.0 | 17.45
0.1, 5.2, 3.0, 3.0, 0.0 | 1000.0
-6.0, 6.0, -6.0, 6.0, 0.0 | 15.95
-1.0, 6.0, -1.0, 6.0, 0.0 | 16.5
0.0, 5.8, 2.0, 3.0, 0.0 | 1000.0
1.5, 5.9, 3.0, 3.0, 0.0 | 1000.0
0.0, 5.0, 0.6, 2.5, 0.0 | 1000.0
0.5, 5.5, 0.5, 2.5, 0.0 | 1000.0
0.5, 5.8, 0.5, 2.5, 0.0 | 1000.0
0.2, 5.8, 0.6, 2.5, 0.0 | 1000.0
0.5, 5.9, 0.6, 2.6, 0.0 | 1000.0
0.6, 5.8, 0.6, 2.8, 0.0 | 1000.0
0.3, 5.4, 0.6, 2.6, 0.0 | 1000.0
0.2, 6.0, 0.9, 2.9, 0.0 | 1000.0
0.0, 5.5, 0.5, 2.4, 0.0 | 1000.0
0.3, 5.9, 0.5, 2.6, 0.0 | 1000.0
-2.0, 4.0, -2.0, 4.0, 0.0 | 19.3
-2.0, 5.5, -1.0, 3.5, 0.0 | 28.55
0.1, 5.6, 0.5, 2.6, 0.0 | 1000.0
0.5, 5.6, 0.8, 2.6, 0.0 | 1000.0
0.9, 5.5, 0.5, 2.5, 0.0 | 663.05
0.0, 5.0, 0.6, 2.5, 0.0 | 1000.0
0.0, 5.0, 0.5, 2.5, 0.0 | 1000.0
0.4, 5.8, 0.5, 2.5, 0.0 | 1000.0
0.1, 6.0, 0.5, 2.5, 0.0 | 1000.0
0.0, 5.8, 0.5, 2.5, 0.0 | 1000.0
0.0, 6.0, 0.2, 2.5, 0.0 | 537.3
0.0, 5.7, 0.5, 2.5, 0.0 | 1000.0
1.0, 5.8, 0.5, 2.5, 0.0 | 611.15
0.0, 5.7, 0.7, 2.7, 0.0 | 1000.0
0.3, 5.6, 0.8, 2.6, 0.0 | 1000.0
0.2, 5.6, 0.7, 2.7, 0.0 | 1000.0
-2.0, 5.5, -1.0, 2.5, 0.0 | 53.6
0.5, 5.1, 0.6, 2.5, 0.0 | 1000.0
0.8, 5.8, 0.5, 2.5, 0.0 | 1000.0
0.5, 5.1, 0.5, 2.5, 0.0 | 1000.0
0.4, 5.9, 0.5, 2.5, 0.0 | 1000.0
0.2, 5.4, 0.9, 2.9, 0.0 | 1000.0
0.9, 5.9, 0.5, 2.5, 0.0 | 926.4
0.8, 5.8, 0.5, 2.5, 0.0 | 1000.0
0.0, 6.0, 0.6, 2.5, 0.0 | 1000.0
-1.0, 4.5, -1.0, 3.5, 0.0 | 27.4
1.0, 6.0, 0.5, 2.5, 0.0 | 667.2
0.8, 5.7, 0.7, 2.9, 0.0 | 878.05
0.2, 5.8, 0.4, 2.5, 0.0 | 1000.0
0.0, 5.5, 0.6, 2.5, 0.0 | 1000.0
0.8, 5.9, 0.5, 2.5, 0.0 | 1000.0
0.9, 6.0, 0.6, 2.6, 0.0 | 1000.0
0.0, 5.5, 0.5, 2.5, 0.0 | 1000.0
-2.0, 4.0, -1.0, 3.0, 0.0 | 34.6
0.0, 5.9, 0.7, 2.8, 0.0 | 1000.0
0.6, 5.5, 0.6, 2.5, 0.0 | 1000.0
-2.0, 4.0, -0.5, 3.5, 0.0 | 31.65
0.0, 5.4, 0.6, 2.5, 0.0 | 1000.0
0.0, 5.8, 0.5, 2.5, 0.0 | 1000.0
0.0, 5.2, 0.5, 2.5, 0.0 | 1000.0
0.0, 5.8, 0.3, 2.5, 0.0 | 788.15
0.2, 5.8, 0.4, 2.6, 0.0 | 1000.0
0.2, 5.9, 0.5, 2.5, 0.0 | 1000.0
0.7, 5.7, 0.5, 2.6, 0.0 | 1000.0
0.5, 5.5, 1.0, 3.0, 0.0 | 1000.0
0.0, 5.2, 0.5, 2.5, 0.0 | 1000.0
0.6, 5.9, 0.5, 2.6, 0.0 | 1000.0
1.0, 5.0, 0.5, 2.5, 0.0 | 384.0
0.0, 6.0, -0.2, 2.2, 0.0 | 185.3
0.0, 5.8, 0.6, 2.5, 0.0 | 1000.0
6.0, 5.0, -4.0, 5.0, 0.0 | 15.35
-4.0, 6.0, -2.0, 6.0, 0.0 | 18.65
0.8, 5.7, 0.5, 2.5, 0.0 | 1000.0
-0.5, 6.0, -0.5, 2.1, 0.0 | 110.25
0.7, 5.8, 0.5, 2.5, 0.0 | 1000.0
-1.0, -6.0, -1.0, -6.0, 0.0 | 4.15
0.2, 5.8, 0.9, 2.5, 0.0 | 1000.0
-3.0, 5.5, -2.0, 4.5, 0.0 | 18.3
0.0, 5.1, 0.5, 2.5, 0.0 | 1000.0
-2.0, 6.0, -1.0, 2.2, 0.0 | 70.3
0.0, 6.0, 0.5, 2.5, 0.0 | 1000.0
0.0, 5.1, 0.8, 2.9, 0.0 | 1000.0
-0.2, 5.2, 0.5, 2.5, 0.0 | 271.35
0.2, 5.5, 0.4, 2.5, 0.0 | 1000.0
-2.0, 5.5, -2.0, 4.5, 0.0 | 17.8
-3.0, 5.0, -1.0, 3.5, 0.0 | 28.1
0.1, 5.6, 0.5, 2.5, 0.0 | 1000.0
-2.0, 6.0, -0.5, 3.0, 0.0 | 44.9
0.0, 5.6, 0.5, 2.5, 0.0 | 1000.0
0.0, 6.0, 0.5, 2.5, 0.0 | 1000.0
-1.0, 5.8, 0.5, 2.5, 0.0 | 147.15
0.2, 5.7, 1.0, 3.1, 0.0 | 1000.0
0.0, 5.8, 0.5, 2.5, 0.0 | 1000.0
0.8, 5.0, 0.5, 2.5, 0.0 | 620.85
0.2, 5.7, 0.5, 2.6, 0.0 | 1000.0
0.2, 5.9, 0.5, 2.5, 0.0 | 1000.0
-3.0, 5.5, -1.0, 4.5, 0.0 | 21.75
-2.0, 5.0, -1.0, 4.0, 0.0 | 21.75
0.2, 6.0, 0.5, 2.5, 0.0 | 1000.0
0.0, 5.5, 0.5, 2.5, 0.0 | 1000.0
0.6, 5.7, 0.6, 2.6, 0.0 | 1000.0
0.6, 5.8, 0.5, 2.5, 0.0 | 1000.0
0.0, 5.9, 0.5, 2.7, 0.0 | 1000.0
0.4, 5.5, 0.5, 2.5, 0.0 | 1000.0
0.6, 6.0, 0.5, 2.5, 0.0 | 1000.0
0.2, 5.9, 0.8, 2.8, 0.0 | 1000.0
0.6, 5.8, 0.9, 2.7, 0.0 | 1000.0
0.9, 6.0, 0.6, 2.5, 0.0 | 1000.0
2.0, 6.0, 0.5, 2.5, 0.0 | 226.6
1.1, 5.9, 0.6, 2.9, 0.0 | 249.3
-0.2, 5.6, 0.6, 2.5, 0.0 | 308.15
-2.0, 4.5, -1.0, 4.0, 0.0 | 21.7
0.0, 5.8, 0.8, 2.7, 0.0 | 1000.0
0.1, 5.2, 0.5, 2.5, 0.0 | 1000.0
-0.5, 5.8, 0.7, 2.7, 0.0 | 202.75
0.4, 5.2, 0.5, 2.5, 0.0 | 1000.0
0.6, 5.7, 0.6, 2.5, 0.0 | 1000.0
0.6, 5.5, 0.9, 2.8, 0.0 | 1000.0
-1.5, 4.0, -1.0, 3.5, 0.0 | 27.9
-2.0, 5.5, -1.0, 2.0, 0.0 | 69.4
0.9, 5.7, 0.9, 2.9, 0.0 | 1000.0
0.5, 5.8, 0.8, 2.6, 0.0 | 1000.0
0.3, 5.8, 0.5, 2.5, 0.0 | 1000.0
-2.0, 6.0, -2.0, 2.0, 0.0 | 48.55
0.4, 5.9, 0.5, 2.8, 0.0 | 1000.0
-2.0, 6.0, -0.5, 2.1, 0.0 | 76.55
0.0, 5.8, 0.8, 2.8, 0.0 | 1000.0
-0.5, 5.0, 0.5, 2.5, 0.0 | 212.2
0.6, 5.8, 0.5, 2.5, 0.0 | 1000.0
0.5, 5.4, 0.6, 2.7, 0.0 | 1000.0
0.2, 6.0, 0.6, 2.5, 0.0 | 1000.0
-0.1, 5.9, 0.5, 2.5, 0.0 | 371.25
0.0, 5.6, 0.6, 2.6, 0.0 | 1000.0
0.6, 5.8, 0.8, 2.6, 0.0 | 1000.0
0.6, 5.6, 0.7, 2.8, 0.0 | 1000.0
0.0, 5.1, 0.5, 2.5, 0.0 | 1000.0
0.9, 6.0, 0.5, 2.5, 0.0 | 971.5
0.8, 5.4, 0.9, 2.9, 0.0 | 1000.0
-3.0, 5.0, -2.0, 4.0, 0.0 | 20.55
0.9, 5.8, 0.6, 2.5, 0.0 | 1000.0
0.5, 5.6, 0.6, 2.6, 1.0 | 38.5
0.5, 5.5, 0.5, 3.5, 0.0 | 61.9
0.3, 5.8, 0.5, 2.5, 0.0 | 1000.0
0.1, 5.7, 0.6, 2.5, 0.0 | 1000.0
-0.2, 5.8, 0.7, 2.8, 0.0 | 360.7
1.2, 5.8, 0.9, 2.9, 0.0 | 912.45
0.6, 6.0, 0.8, 2.6, 0.0 | 1000.0
0.9, 5.9, 1.2, 3.2, 0.0 | 1000.0
0.3, 5.9, 0.9, 2.9, 0.0 | 1000.0
0.4, 5.7, 0.6, 2.6, 0.0 | 1000.0
-0.5, 5.5, 0.5, 2.5, 0.0 | 182.85
0.1, 5.7, 0.7, 2.7, 0.0 | 1000.0
0.8, 5.8, 0.5, 2.5, 0.0 | 1000.0
-6.0, 6.0, -1.0, 6.0, 0.0 | 17.6
0.5, 5.8, 0.4, 2.5, 0.0 | 1000.0
0.0, 5.8, 0.5, 2.5, 0.0 | 1000.0
-0.1, 5.5, 0.5, 2.5, 0.0 | 383.5
0.4, 5.9, 0.6, 2.6, 0.0 | 1000.0
0.3, 5.5, 0.5, 2.5, 0.0 | 1000.0
0.0, 6.0, 0.0, 3.0, 0.0 | 70.1
0.2, 5.6, 0.5, 2.5, 0.0 | 1000.0
0.0, 5.6, 0.5, 2.6, 0.0 | 1000.0
0.4, 5.8, 0.7, 2.8, 0.0 | 1000.0
0.5, 5.4, 0.6, 2.5, 0.0 | 1000.0
0.0, 5.8, 0.5, 2.5, 0.0 | 1000.0
0.0, 6.0, -0.1, 2.3, 0.0 | 204.8
0.0, 5.5, 0.5, 2.5, 0.0 | 1000.0
0.5, 5.0, 0.5, 2.5, 0.0 | 1000.0
0.1, 5.8, 0.6, 2.5, 0.0 | 1000.0
0.2, 5.6, 0.7, 2.6, 0.0 | 1000.0
-2.0, 4.5, -2.0, 3.5, 0.0 | 20.6
0.1, 5.7, 0.6, 2.6, 0.0 | 1000.0
0.5, 6.0, 0.6, 2.5, 0.0 | 1000.0
6.0, 6.0, -6.0, 6.0, 0.0 | 14.35
-2.0, 6.0, -0.4, 2.2, 0.5 | 33.1
0.3, 5.4, 0.7, 2.8, 0.0 | 1000.0
-2.0, 5.5, -1.0, 3.0, 0.0 | 36.1
0.3, 5.6, 0.5, 2.5, 0.0 | 1000.0
-2.0, 4.5, -1.0, 3.5, 1.0 | 12.65
0.0, 5.2, 0.4, 2.7, 0.0 | 1000.0
-3.0, 4.0, -1.0, 3.0, 0.0 | 32.55
0.1, 5.8, 0.4, 2.5, 0.0 | 1000.0
0.5, 5.9, 0.5, 2.5, 0.0 | 1000.0
-2.0, 5.5, 0.5, 2.5, 0.0 | 115.25
-2.0, 6.0, -1.0, 3.0, 0.0 | 35.7
0.0, 5.7, 0.6, 2.6, 0.0 | 1000.0
0.0, 5.4, 0.5, 2.5, 0.0 | 1000.0
0.6, 5.9, 0.8, 2.9, 0.0 | 1000.0
0.4, 5.8, 0.6, 2.6, 0.0 | 1000.0
0.6, 5.7, 0.5, 2.5, 0.0 | 1000.0
0.7, 5.9, 0.9, 2.7, 0.0 | 1000.0
0.2, 5.6, 0.9, 2.9, 0.0 | 1000.0
0.4, 6.0, 0.5, 2.5, 0.0 | 1000.0
0.2, 5.7, 0.6, 2.5, 0.0 | 1000.0
0.2, 5.7, 0.5, 2.6, 0.0 | 1000.0
0.8, 5.3, 0.5, 2.6, 0.0 | 764.1
0.4, 5.5, 0.5, 2.5, 0.0 | 1000.0
1.0, 5.9, 0.9, 2.8, 0.0 | 1000.0
0.0, 5.5, 0.6, 2.6, 0.0 | 1000.0
0.8, 5.5, 0.6, 2.5, 0.0 | 1000.0
0.2, 5.5, 0.5, 2.5, 0.0 | 1000.0
0.0, 5.8, 0.8, 2.9, 0.0 | 1000.0
0.0, 5.9, 0.5, 2.5, 0.0 | 1000.0
0.5, 6.0, 0.5, 2.6, 0.0 | 1000.0
0.4, 5.6, 0.6, 2.6, 0.0 | 1000.0
5.0, 6.0, -3.0, 5.0, 0.0 | 16.25
1.0, 5.8, 0.6, 2.5, 0.0 | 891.65
0.2, 5.5, 0.7, 2.6, 0.0 | 1000.0
0.2, 5.4, 0.5, 2.6, 0.0 | 1000.0
0.1, 5.7, 0.5, 2.6, 0.0 | 1000.0
0.3, 5.9, 0.4, 2.6, 0.0 | 1000.0
0.1, 5.0, 0.7, 3.0, 0.0 | 1000.0
0.6, 5.8, 0.6, 2.5, 0.0 | 1000.0
0.2, 5.0, 0.5, 2.5, 0.0 | 1000.0
0.4, 5.7, 0.8, 2.8, 0.0 | 1000.0
0.2, 5.8, 0.7, 2.6, 0.0 | 1000.0
0.0, 5.9, 0.6, 2.5, 0.0 | 1000.0
0.8, 5.2, 0.6, 2.5, 0.0 | 998.6
0.8, 6.0, 0.5, 2.5, 0.0 | 1000.0
0.0, 5.5, 0.5, 2.5, 0.0 | 1000.0
0.0, 5.7, 0.8, 2.8, 0.0 | 1000.0
0.0, 5.0, 1.0, 3.0, 0.0 | 1000.0
0.5, 5.3, 0.5, 2.5, 0.0 | 1000.0
0.0, 5.0, 0.5, 2.5, 0.0 | 1000.0
0.3, 5.3, 0.6, 2.8, 0.0 | 1000.0
0.1, 5.6, 0.6, 2.5, 0.0 | 1000.0
-0.1, 5.8, 0.5, 2.5, 0.0 | 358.45
0.2, 5.3, 0.8, 2.8, 0.0 | 1000.0
0.4, 5.7, 0.5, 2.5, 0.0 | 1000.0
0.7, 5.6, 0.5, 2.6, 0.0 | 1000.0
0.6, 5.8, 0.7, 2.8, 0.0 | 1000.0
0.3, 5.5, 0.5, 2.5, 0.0 | 1000.0
-2.0, 4.5, -1.0, 3.5, 0.0 | 29.65
0.0, 5.6, 0.9, 2.8, 0.0 | 1000.0
0.1, 5.9, 0.5, 2.5, 0.0 | 1000.0
0.0, 5.3, 0.5, 2.5, 0.0 | 1000.0
0.5, 5.9, 0.5, 2.5, 0.0 | 1000.0
0.2, 5.8, 0.5, 2.5, 0.0 | 1000.0
0.4, 5.6, 0.6, 2.6, 0.0 | 1000.0
0.0, 5.5, 0.8, 2.8, 0.0 | 1000.0
0.5, 5.4, 0.5, 2.5, 0.0 | 1000.0
0.6, 5.8, 0.5, 2.5, 0.0 | 1000.0
-2.0, 5.5, -1.0, 5.5, 0.0 | 16.65
0.2, 5.9, 0.5, 2.5, 0.0 | 1000.0
0.8, 5.9, 0.7, 2.9, 0.0 | 1000.0
0.1, 5.9, 0.5, 2.5, 0.0 | 1000.0
4.9, 4.0, -3.6, 2.7, 0.9 | 12.15
-2.0, 5.5, -1.0, 4.5, 0.0 | 20.9
-2.0, 6.0, -1.0, 2.0, 0.0 | 71.1
0.0, 5.3, 0.5, 2.5, 0.0 | 1000.0
0.6, 5.4, 0.6, 2.5, 0.0 | 1000.0
1.2, 5.6, 0.6, 2.6, 0.0 | 467.75
0.8, 5.7, 0.6, 2.6, 0.0 | 1000.0
0.0, 5.5, 0.4, 2.7, 0.0 | 1000.0
0.7, 5.5, 0.9, 2.9, 0.0 | 1000.0
0.0, 6.0, 0.5, 2.5, 0.0 | 1000.0
1.5, 5.8, 0.5, 2.5, 0.0 | 304.9
0.2, 5.5, 0.6, 2.6, 0.0 | 1000.0
-2.0, 5.0, -1.0, 3.0, 0.0 | 35.9
0.9, 5.9, 0.6, 2.5, 0.0 | 1000.0
0.8, 5.5, 0.9, 2.9, 0.0 | 1000.0
0.2, 5.4, 0.5, 2.6, 0.0 | 1000.0
0.5, 5.6, 0.6, 2.6, 0.0 | 1000.0
0.5, 6.0, 0.5, 2.5, 0.0 | 1000.0
0.2, 5.8, 0.5, 2.5, 0.0 | 1000.0
0.7, 5.9, 0.5, 2.5, 0.0 | 1000.0
0.5, 6.0, 0.5, 2.5, 0.0 | 1000.0
0.9, 5.8, 0.6, 2.5, 0.0 | 1000.0
0.7, 5.4, 0.8, 2.9, 0.0 | 1000.0
0.4, 5.7, 0.9, 2.8, 0.0 | 1000.0
0.0, 5.8, 0.7, 2.7, 0.0 | 1000.0
0.2, 5.5, 0.6, 2.5, 0.0 | 1000.0
0.2, 5.5, 0.5, 2.5, 0.0 | 1000.0
0.0, 5.3, 0.6, 2.5, 0.0 | 1000.0
0.5, 5.8, 1.5, 3.5, 0.0 | 1000.0
0.9, 5.4, 0.6, 2.5, 0.0 | 893.15
1.1, 5.8, 0.6, 2.6, 0.0 | 611.9
0.9, 5.6, 0.6, 2.9, 0.0 | 280.05
0.2, 5.7, 0.5, 2.5, 0.0 | 1000.0
0.0, 5.6, 0.5, 2.5, 0.0 | 1000.0
0.1, 6.0, 0.5, 2.5, 0.0 | 1000.0
0.9, 5.8, 0.7, 2.5, 0.0 | 1000.0
-1.0, 5.8, 0.9, 2.5, 0.0 | 165.4
1.1, 6.0, 0.5, 2.5, 0.0 | 573.75
-0.4, 5.2, 0.5, 2.5, 0.0 | 206.35
0.1, 5.9, 0.5, 2.6, 0.0 | 1000.0
0.0, 5.4, 0.5, 2.5, 0.0 | 1000.0
1.2, 5.8, 0.7, 2.8, 0.0 | 539.15
0.0, 5.5, 0.8, 2.4, 0.0 | 1000.0
0.6, 5.4, 0.6, 2.5, 0.0 | 1000.0
0.2, 5.8, 0.8, 3.4, 0.0 | 76.15
2.0, 5.8, 0.5, 2.5, 0.0 | 205.95
0.0, 5.9, 0.5, 2.5, 0.0 | 1000.0
0.1, 5.9, 0.5, 2.5, 0.0 | 1000.0
0.0, 6.0, 0.0, 2.4, 0.0 | 249.95
0.0, 6.0, 0.4, 2.5, 0.0 | 979.25
0.5, 6.0, 0.5, 2.5, 0.0 | 1000.0
0.3, 5.7, 0.5, 2.5, 0.0 | 1000.0
0.5, 5.4, 0.6, 2.6, 0.0 | 1000.0
0.7, 5.6, 0.6, 2.5, 0.0 | 1000.0
1.0, 5.8, 0.5, 2.5, 0.0 | 589.6
1.0, 6.0, 0.0, 2.5, 0.0 | 255.95
0.2, 6.0, 0.5, 2.5, 0.5 | 54.0
-2.0, 6.0, -0.5, 2.0, 0.0 | 76.2
0.2, 5.0, 0.5, 2.5, 0.0 | 1000.0
0.2, 5.9, 0.6, 2.7, 0.0 | 1000.0
0.3, 5.2, 0.5, 2.5, 0.0 | 1000.0
0.9, 5.9, 0.5, 2.5, 0.0 | 878.35
0.3, 5.3, 0.5, 2.5, 0.0 | 1000.0
0.0, 5.4, 0.6, 2.6, 0.1 | 189.6
0.6, 5.6, 0.5, 2.5, 0.0 | 1000.0
0.1, 5.2, 0.5, 2.5, 0.0 | 1000.0
0.0, 6.0, 0.5, 2.6, 0.0 | 1000.0
-0.6, 5.9, 0.5, 2.5, 0.0 | 177.2
-2.0, 6.0, -1.0, 6.0, 0.0 | 16.1
0.0, 6.0, 0.0, 2.5, 0.0 | 272.85
0.4, 5.8, 0.6, 2.8, 0.0 | 1000.0
0.0, 5.4, 0.6, 2.6, 0.0 | 1000.0
0.3, 5.9, 0.6, 2.5, 0.0 | 1000.0
0.0, 5.7, 0.6, 2.6, 0.0 | 1000.0
0.8, 5.4, 1.0, 3.2, 0.0 | 172.5
0.0, 5.0, 0.7, 2.5, 0.0 | 1000.0
0.3, 5.7, 0.6, 2.5, 0.0 | 1000.0
0.3, 5.2, 0.5, 2.5, 0.0 | 1000.0
0.0, 5.6, 0.5, 2.7, 0.0 | 1000.0
0.3, 6.0, 0.5, 2.5, 0.0 | 1000.0
-0.3, 6.0, -0.3, 2.2, 0.0 | 133.05
0.3, 5.6, 0.6, 2.5, 0.0 | 1000.0
0.5, 5.5, 0.5, 2.5, 0.0 | 1000.0
5.9, 4.0, -2.6, 3.7, -0.1 | 17.0
0.9, 5.8, 0.5, 2.5, 0.0 | 846.4
0.0, 5.0, 0.5, 2.5, 0.0 | 1000.0
0.5, 5.6, 0.9, 3.0, 0.0 | 1000.0
0.7, 5.6, 0.5, 2.5, 0.0 | 1000.0
0.0, 5.8, 0.6, 2.8, 0.0 | 1000.0
0.7, 5.9, 1.2, 3.2, 0.0 | 1000.0
1.0, 5.8, 0.9, 2.8, 0.0 | 1000.0
-2.0, 6.0, -1.0, 1.0, 0.0 | 63.45
0.6, 5.9, 0.7, 2.9, 0.0 | 1000.0
6.0, 5.0, -5.0, 5.0, 0.0 | 16.15
0.2, 5.5, 0.8, 2.6, 0.0 | 1000.0
0.5, 5.8, 1.0, 3.0, 0.0 | 1000.0
0.0, 5.5, 0.5, 2.6, 0.0 | 1000.0
0.1, 6.0, 0.5, 2.5, 0.0 | 1000.0
0.7, 5.8, 0.6, 2.5, 0.0 | 1000.0
0.2, 5.9, 1.0, 3.0, 0.0 | 1000.0
4.9, 4.0, -3.6, 3.7, -0.1 | 14.7
-1.0, 6.0, 0.5, 2.5, 0.0 | 142.95
-2.0, 5.0, -1.0, 5.0, 0.0 | 21.0
0.4, 5.6, 0.7, 2.8, 0.0 | 1000.0
0.8, 5.7, 0.7, 2.6, 0.0 | 1000.0
0.8, 5.5, 0.5, 2.6, 0.0 | 868.5
0.8, 5.9, 0.8, 2.8, 0.0 | 1000.0
0.3, 5.0, 0.5, 2.5, 0.0 | 1000.0
0.0, 5.0, 0.5, 2.5, 0.0 | 1000.0
0.0, 6.0, 0.1, 2.5, 0.0 | 348.5
0.0, 5.2, 0.6, 2.5, 0.0 | 1000.0
-0.2, 6.0, 0.5, 2.5, 0.0 | 273.6
-2.0, 5.5, -1.0, 3.5, 0.0 | 27.3
0.0, 6.0, 0.5, 2.5, 0.0 | 1000.0
0.2, 5.3, 0.5, 2.5, 0.0 | 1000.0
0.9, 5.5, 0.7, 2.7, 0.0 | 1000.0
0.5, 5.8, 0.5, 2.7, 0.0 | 1000.0
0.2, 5.3, 0.5, 2.4, 0.0 | 1000.0
0.0, 6.0, -0.1, 2.5, 0.0 | 202.15
0.9, 6.0, 0.5, 2.5, 0.0 | 958.75
-2.0, 4.0, -0.5, 4.0, 0.0 | 23.65
0.9, 5.9, 0.5, 2.5, 0.0 | 873.45
0.9, 5.9, 0.8, 2.8, 0.0 | 1000.0
0.1, 5.0, 0.5, 2.5, 0.0 | 1000.0
0.5, 5.6, 0.6, 2.6, 0.0 | 1000.0
0.3, 5.6, 0.8, 2.9, 0.0 | 1000.0
-1.0, 6.0, -0.5, 2.1, 0.0 | 95.75
0.0, 5.5, 0.7, 2.7, 0.0 | 1000.0
0.9, 5.8, 0.9, 3.0, 0.0 | 1000.0
0.9, 5.9, 0.7, 2.5, 0.0 | 1000.0
0.0, 6.0, 0.6, 2.5, 0.0 | 1000.0
0.9, 5.8, 0.5, 2.5, 0.0 | 809.5
0.1, 6.0, 0.6, 2.5, 0.0 | 1000.0
-0.3, 5.5, 0.4, 2.7, 0.0 | 206.35
0.8, 6.0, 0.6, 2.5, 0.0 | 1000.0
-1.0, 5.5, -1.0, 4.5, 0.0 | 20.0
0.0, 5.6, 0.6, 2.7, 0.0 | 1000.0
0.0, 5.4, 0.5, 2.5, 0.0 | 1000.0
0.9, 5.6, 0.5, 2.5, 0.0 | 753.5
0.2, 5.6, 0.6, 2.6, 0.0 | 1000.0
0.6, 5.9, 0.7, 2.7, 0.0 | 1000.0
0.0, 6.0, 0.5, 2.6, 0.0 | 1000.0
1.0, 5.5, 0.5, 2.5, 0.0 | 506.45
0.1, 5.8, 0.6, 2.5, 0.0 | 1000.0
0.1, 5.8, 0.5, 2.5, 0.0 | 1000.0
0.7, 6.0, 0.5, 2.5, 0.0 | 1000.0
-1.0, 4.0, 0.0, 1.0, 1.0 | 7.35
0.2, 5.9, 0.6, 2.5, 0.0 | 1000.0
0.0, 5.5, 0.5, 2.5, 0.0 | 1000.0
-2.0, 5.0, -2.0, 3.0, 0.0 | 26.2
0.9, 5.5, 0.5, 2.5, 0.0 | 642.35
0.0, 5.3, 0.5, 2.5, 0.0 | 1000.0
-2.0, 4.5, -1.0, 4.5, 0.0 | 20.7
0.1, 5.5, 0.5, 2.5, 0.0 | 1000.0
0.9, 5.4, 0.5, 2.5, 0.0 | 614.5
0.3, 5.8, 0.5, 2.5, 0.0 | 1000.0
-2.0, 5.5, -1.0, 6.0, 0.0 | 17.05
1.0, 6.0, 1.0, 3.0, 0.0 | 1000.0
-3.0, 4.5, -1.0, 3.5, 0.0 | 27.2
-0.1, 6.0, 0.5, 2.5, 0.0 | 368.25
0.8, 5.3, 0.6, 2.5, 0.0 | 1000.0
-3.0, 6.0, -2.0, 5.0, 0.0 | 17.55
0.8, 5.9, 0.8, 3.0, 0.0 | 665.0
0.2, 5.8, 0.7, 2.7, 0.0 | 1000.0
